# syn0
-0.037271 0.556517 -0.951876 -0.400673 -0.704623 -0.938817 -0.537173 -0.386332 -0.163011 0.152238
0.195047 0.588828 -0.397598 0.738305 -0.851417 0.129833 0.114818 -0.068465 -0.536134 -0.383995
1.703954 1.778958 0.070889 0.319173 1.155091 0.108425 0.198175 -1.680891 0.148103 1.175943
0.679945 1.039079 1.481413 0.004813 0.944369 -1.582720 1.744864 -0.488960 0.324729 1.144905
1.740267 0.966489 -0.147427 0.556615 -0.454586 -0.777811 1.645329 -1.054082 0.360092 -0.272112
-0.682798 0.667000 -0.386681 -0.502288 0.132232 -1.420934 0.756100 -0.962819 0.495998 0.706056
-0.236875 0.578289 0.791221 -0.215056 -0.727425 -0.979941 0.982496 -0.499563 1.369424 0.617419
1.352765 -0.099151 -0.370466 0.577705 0.004931 -1.391937 1.303635 -0.854474 1.010476 0.725687
0.950650 0.349286 0.708762 -0.307439 -0.289535 0.579000 0.250611 0.580949 0.699063 0.389553
-0.726822 0.823808 -0.031818 0.167588 -0.127164 -0.546030 1.034948 -0.041356 -0.828780 0.310849
-0.085008 0.259153 0.740804 -0.305578 0.978752 -0.152226 -0.731190 0.638933 0.692259 1.218801
0.112862 -0.028237 1.111866 0.346580 -0.469366 -0.187877 1.246083 0.436865 1.254949 -0.185031
0.330051 0.162581 -0.329916 -0.560807 1.299099 -1.536182 1.811964 -0.257218 0.476749 0.697802
1.334949 1.683151 0.659481 -0.997722 1.110831 -2.151388 2.276478 -1.313069 1.507314 1.431475
2.076202 0.250117 -0.317083 -0.819937 -0.553895 -2.930103 1.619941 -0.893155 1.481537 0.075409
0.986251 2.023989 0.746413 -0.682635 -0.096050 -1.920677 1.633752 -1.098615 2.570745 1.960915
-0.315995 0.329220 0.417872 0.636107 -0.570849 -1.266766 -0.599504 -0.187739 0.348306 0.396472
1.011136 1.909526 0.905908 -0.316504 0.664454 -0.718781 1.680471 -1.461184 0.172926 0.719300
2.756135 1.050371 1.559730 -1.002565 0.511216 -1.097393 1.791655 -1.461726 2.090511 1.942397
1.625786 0.718764 1.336391 0.444623 1.639257 -0.710624 1.058936 -2.065474 2.180541 1.674036
2.096840 0.918913 1.374400 0.228684 0.278478 -1.144835 1.442370 -0.849121 1.946267 1.401102
0.461709 1.591402 -0.256117 -0.811868 -0.458058 -0.957172 -0.000428 0.358192 1.193048 -0.556417
0.029711 0.517644 -0.271742 0.566735 -0.149410 -0.315493 0.928591 0.141107 1.262192 1.296190
0.693196 0.898828 1.004088 -0.476345 0.306713 -0.562193 -0.269772 -0.522999 0.569284 1.046155
0.556462 1.262681 0.607077 -0.682264 1.058422 -0.190029 0.159632 -0.831509 1.340558 1.361436
-0.162576 1.500703 0.213537 0.893795 0.643001 -0.185057 1.386710 -0.481023 0.626604 0.816696
1.235915 1.581282 0.830547 0.326652 1.194208 -1.541901 1.524720 -0.803282 0.693261 0.620509
0.926611 0.619700 0.731164 -0.221859 1.500931 -0.572529 0.802226 -0.747675 0.796299 1.518596
2.753042 2.379571 1.226880 -0.572308 0.321711 -1.442043 2.588645 -0.834654 1.932951 1.845074
1.817810 1.711679 0.968799 -0.151870 0.468252 -3.159129 2.170948 -2.526653 2.362760 0.526749
3.550280 2.296618 1.358453 0.030103 0.076336 -2.960271 2.203936 -2.806672 2.381196 1.310993
3.480240 2.309527 0.253699 -0.879227 -0.085365 -2.539460 2.454450 -2.386535 1.532430 2.272044
0.253524 0.729033 -0.158370 -0.843584 0.453192 -1.093104 0.272426 -0.310390 0.386183 0.931255
1.343711 2.108974 0.587786 -0.116945 1.783981 -3.981580 2.223392 -1.123400 2.072451 1.601363
3.893430 2.967183 1.970301 0.512408 0.635041 -3.076761 3.239451 -1.830894 3.087135 0.702654
2.806933 2.083291 0.409645 -0.624373 1.086015 -2.335493 2.413558 -1.317136 2.610891 1.966199
0.863010 0.369282 1.388373 0.000913 1.380736 -0.993958 2.102591 -0.791482 1.049773 -0.274246
0.561279 -0.321773 -0.269605 0.432780 -0.604112 -1.221146 1.528938 -0.183458 0.956841 -0.222665
0.475516 0.460469 1.228878 -0.625817 -0.403414 -1.043242 0.887073 -0.349646 -0.508847 0.339887
-0.067343 0.879881 -0.252410 -0.964618 0.345939 0.392708 0.163718 0.224847 0.422302 0.374145
1.973682 1.317236 -0.453777 0.344259 0.381975 0.491499 0.555092 -1.127575 0.226582 0.430574
0.200754 0.995783 1.128843 0.315605 0.953923 -1.163951 1.836389 -0.844630 1.726670 0.922710
0.074762 0.067453 -0.449739 -0.933592 0.365878 -2.026261 0.311944 -0.211521 0.528692 1.319171
0.782104 0.778491 0.514778 -0.120031 1.042303 -1.179008 2.138785 -1.627955 1.224289 0.032823
1.370324 -0.145734 0.605791 -1.076297 1.356173 0.028937 1.755781 -0.077466 0.215796 -0.083628
0.535416 1.073961 1.543680 0.883962 1.050052 -0.964617 2.322270 -1.530947 1.008836 0.163189
0.781964 1.861699 0.400558 -0.584895 1.337483 -2.089453 2.053790 -2.416638 2.216797 1.160444
1.838041 0.508148 0.497050 -0.036573 1.232914 -1.388512 0.589995 -0.343449 0.184506 0.968772
0.189682 1.136408 0.458036 0.338583 0.310001 -0.751025 0.539787 -1.540495 0.559116 0.192871
1.541121 2.082831 0.605913 -0.627773 0.716061 -1.716533 2.763378 -0.711850 1.730432 0.413113
1.560292 1.132866 0.454649 -0.802501 1.333957 -3.176460 2.751339 -1.955105 2.143840 0.657416
2.625944 1.703872 0.073851 -0.688783 1.342813 -2.528708 2.272053 -1.756963 2.516286 2.144230
2.284412 1.715619 1.618991 0.709485 0.898299 -2.642195 0.802092 -1.921436 1.491585 0.368104
1.992534 0.101322 1.339618 0.483996 0.992176 -0.911189 1.360514 -0.663412 -0.159776 0.292082
1.087549 1.142771 0.463792 -0.136063 -0.455256 -2.149050 1.478779 -0.918199 1.711480 0.080055
0.317742 0.412040 0.812547 -0.103513 -0.514837 -1.188271 0.651993 -0.094697 0.979617 -0.365418
-0.029756 1.120457 1.187433 -1.053812 0.790614 -1.357407 1.326792 -0.185480 1.244309 -0.039041
1.385526 1.916114 1.312664 0.231682 0.881032 -1.528037 0.898668 -1.036877 1.567537 0.772748
2.052923 0.557342 1.091703 -0.472416 1.054970 -1.443450 1.722779 -1.185895 0.409319 1.381957
0.749228 1.588383 1.191125 -0.629516 -0.140972 -2.144797 0.738613 -1.306722 0.058393 0.274288
1.549395 1.314797 -0.143457 -0.618223 -0.181027 -0.095855 1.816011 -1.123817 0.912764 1.705933
1.344021 1.552627 1.369706 -0.155746 0.050362 -0.861206 1.373266 -2.269078 1.810362 1.123743
0.481447 1.366702 0.521340 0.179074 1.281194 -2.699263 2.026746 -1.311259 2.384259 1.659524
0.217766 1.185060 1.522836 -0.200849 0.846500 -1.631575 1.341505 -1.555112 0.840841 0.347631
-0.483892 1.092211 -0.132222 0.039322 0.128422 -1.037874 -0.231988 -0.967466 0.266127 -0.351287
0.511494 -0.072409 0.994294 -0.850822 1.350617 -1.682721 0.967968 -1.385817 1.068276 -0.242941
1.249431 1.169023 -0.242819 0.037055 -0.099003 -0.539180 1.531974 -1.196784 1.446873 -0.420079
2.275045 1.147122 0.430260 0.433115 1.092520 -0.062059 1.281621 -1.746359 2.361566 1.372982
1.660264 1.081861 0.909005 0.482916 0.328193 -0.443103 2.033725 -0.592946 1.114586 0.870272
-0.130413 1.268655 1.034669 -0.552950 -0.447871 -1.252027 0.437072 0.226589 0.636713 -0.100294
0.231730 0.280398 0.566302 -0.375937 0.250641 -0.988646 1.651286 -0.743813 0.278803 0.768687
-0.059999 0.366818 -0.170072 0.228991 1.029882 -0.841610 1.390672 -0.493801 0.523597 -0.372416
0.784186 1.938893 0.634121 0.460494 0.476927 -1.922808 1.819138 -1.788445 0.764845 1.916596
1.587752 0.720643 1.210799 -0.564925 1.014062 -1.749489 2.150349 -0.892696 1.899803 0.133244
1.862792 -0.146548 -0.052290 0.870389 -0.680484 0.006855 1.413714 -0.679238 0.344191 1.082600
0.609551 -0.080582 1.396057 0.732894 0.248519 -0.242488 0.798924 -0.446470 0.827794 0.864968
0.632697 1.744186 0.366630 -0.893203 -0.206109 -1.998147 1.871966 -1.241941 2.113552 1.178919
1.704737 0.857505 1.105191 -0.254499 0.793974 -1.688385 0.857727 -1.761117 0.961131 0.269818
0.548023 1.359603 0.124611 0.920659 0.730841 -1.692471 1.996403 -0.697461 0.534393 1.307231
0.323795 0.136699 -0.022235 0.365156 -0.207819 -0.293134 0.473679 -0.550138 0.704211 1.182605
1.148967 -0.441370 0.312577 0.777942 0.024426 0.357677 -0.065294 -0.008041 0.656994 -0.354455
-0.396832 0.183096 1.198754 -0.353169 0.761814 -1.231175 0.191730 -1.143405 0.819432 0.731253
1.316101 0.021268 0.868266 -0.592272 0.123429 -0.579924 0.292993 -1.459578 0.770175 0.798432
1.724355 1.240105 0.042513 -0.785454 0.518970 -0.095046 0.840473 -1.102347 0.899821 0.809263
1.247294 0.971920 0.404054 0.573521 1.371584 -1.773904 2.393030 -1.654842 1.538721 0.563795
2.614826 1.625162 1.061409 -0.842820 0.700830 -0.637637 2.535112 -0.545238 0.638425 1.000349
1.284322 0.794543 0.162849 0.148531 1.008865 -0.459802 0.972955 0.155451 -0.125749 1.324162
-0.297734 0.012841 -0.046190 -0.829417 0.456673 -1.634568 0.170753 -1.096022 0.654292 0.573482
0.263431 0.105328 0.770297 -0.378327 0.799494 -0.730735 0.350824 -1.353621 0.714030 0.359609
-0.144462 0.366932 -0.079412 -0.092528 1.040264 -0.712477 0.834070 -0.268311 1.401044 0.225962
-0.114310 1.172996 -0.782661 0.885141 0.391994 -0.934257 1.536458 -1.401547 0.472505 -0.709922
0.710866 -0.020084 0.731465 0.908835 1.246686 -1.083945 1.052879 -0.380364 0.913183 0.678664
0.169406 0.512043 -0.197725 0.378048 0.478085 -0.839180 1.599775 -0.861618 0.812778 0.369402
-0.197111 0.296102 -0.668279 -0.472411 0.360427 0.414135 -0.034194 -0.277497 0.590530 1.094393
-0.394406 -0.431643 0.071978 0.558596 -0.380819 -0.386790 0.476458 -1.160850 -0.166502 0.375831
0.016421 0.625162 -0.694683 -0.710673 -0.833627 -1.504626 0.901205 -0.604083 0.176913 0.487043
1.196983 0.716025 0.537545 0.832122 -0.828406 -1.115667 0.149145 -0.472370 1.158224 0.198388
0.463863 1.043689 0.125315 0.725304 -0.282358 -0.957262 0.301284 -0.497456 0.119179 0.801042
-0.058195 -0.189982 1.112478 -0.570778 0.017071 -0.530705 0.978899 -1.675767 1.546706 1.495206
1.651026 0.440746 0.647745 -0.375384 0.445407 -0.006390 0.703495 -0.499464 0.430671 1.309430
1.473177 2.001148 1.311066 0.436751 0.637330 -2.317958 0.838233 -1.074276 0.462482 1.240135
2.267697 1.216270 1.333452 -0.028830 -0.187945 -2.620107 1.010914 -1.055083 0.687903 0.982439
0.918512 0.975390 0.109301 0.645370 0.125562 -1.940340 1.279705 -0.094073 1.377658 1.117228
-0.349654 -0.036836 -0.804686 -0.192252 0.870875 -1.589420 0.274801 -0.852123 0.853578 0.701305
-0.607581 0.437910 -0.272352 0.863050 1.001292 -0.345364 1.312937 -0.537744 1.166398 0.288579
-0.617008 1.019744 0.494960 -0.879053 0.662443 0.208964 0.374740 0.373403 -0.207414 0.476908
1.264970 -0.278890 -0.413342 0.642329 0.731151 -1.212937 0.239936 -1.256962 1.416484 0.268701
-0.000299 1.707459 0.158048 0.562848 1.555279 -2.168164 1.425600 -1.436496 1.491894 1.677216
0.200974 1.279586 0.724137 -0.846515 -0.078822 -1.196184 0.592465 -1.761921 0.289308 1.490893
1.138661 1.229092 0.144034 0.105357 0.729431 -0.787764 0.510807 -0.403087 1.804928 0.895487
0.085424 0.818645 -0.524466 -0.411551 1.354119 -0.894162 1.983553 -0.576408 1.633533 1.572694
-0.128361 -0.573112 0.596977 -0.130939 -0.571525 -0.307554 -0.507392 -0.842187 0.953718 -0.737008
-0.255837 -0.783473 1.162728 0.150525 -0.300925 0.752635 0.236031 -0.212998 0.346691 -0.309934
0.075440 0.251913 -0.195807 0.120661 0.709445 -1.583751 1.864308 -0.101009 1.327379 1.018005
0.126806 0.962456 0.367873 0.272492 0.354226 -1.031131 1.645629 -0.689285 1.469289 0.219797
1.456155 1.600072 1.281278 -0.583758 -0.259266 -1.317159 0.581729 -0.197663 1.087141 1.353878
0.401632 -0.181100 -0.583391 -0.274464 -0.386928 0.041083 0.843602 0.040042 0.390449 -0.450664
0.060825 0.539302 -0.465521 -0.980335 0.746038 -0.214533 0.385187 0.433906 0.454067 0.960331
0.893584 0.578444 -0.462802 0.034573 1.043546 -0.855067 1.523238 0.609247 0.127109 0.442848
1.250149 -0.719954 0.792612 -0.621860 0.790758 0.162574 -0.065498 -0.846112 0.460773 0.588421
1.050396 0.611581 1.059715 0.169338 -0.508849 -0.474270 -0.142375 0.860257 -0.031027 1.137607
0.352347 -0.337631 -0.612329 -0.274047 -0.639397 -0.166586 0.389949 0.876024 1.176233 -0.347371
0.394012 0.371439 0.413593 0.515495 0.350678 -1.049616 0.220999 0.268348 -0.461774 1.217152
0.148603 1.262515 0.382124 0.861955 -0.115700 -2.252771 1.811330 -1.084200 0.517441 -0.049601
0.003701 -0.212853 0.002765 0.725921 1.119110 -0.696249 0.879678 -0.378207 0.794727 0.367241
0.253943 0.934454 0.140745 -0.072934 -0.176167 0.167207 0.775694 -1.097364 1.089031 -0.078544
-0.008945 0.890889 0.918242 0.122032 -0.085793 -0.362576 1.283599 -0.932378 -0.035136 1.326661
0.233012 0.668473 -0.299077 0.163894 0.028770 -0.445427 -0.426753 -0.673170 -0.458956 -0.247155
0.710820 0.487251 0.514005 -1.005582 0.470457 -0.253108 -0.273315 -0.807562 -0.434240 0.858133
1.656690 1.472154 -0.018327 0.506959 0.370313 -0.185365 0.786918 -0.235895 1.052475 -0.449711
0.719399 0.375248 0.378481 0.876614 0.076521 -1.107158 1.290590 -0.186357 0.287722 0.752723
0.321295 0.041007 0.130613 -0.368186 -0.252818 -0.062868 0.870643 -0.316325 0.983111 0.663833
0.967044 1.548738 0.972137 -0.699876 -0.225443 -1.624406 1.501305 -0.934865 0.773442 -0.321970
-0.117164 0.368449 -0.697931 -0.236776 0.233185 -0.672837 0.513741 -0.084901 0.126108 0.545186
0.918365 0.767563 0.410620 -0.312054 0.512669 0.365187 1.138186 0.544161 0.346931 0.788044
-0.153149 0.795071 0.425937 -1.015757 -0.086477 -0.533378 1.460795 -1.346224 0.911941 0.850775
0.980123 1.095365 -0.645869 -0.455465 1.028666 0.002037 0.574668 0.507460 1.432279 1.073275
1.341056 -0.533892 -0.690056 -0.861906 -0.906949 0.568018 -0.350952 0.549316 0.681827 0.260460
-0.181013 -0.289652 -0.395931 0.815171 0.539639 -1.113627 0.115413 -0.570514 -0.789598 1.067968
0.741119 -0.255822 0.746522 -0.361074 -0.209396 0.689526 1.001685 -0.290134 1.012626 1.085393
0.436469 -0.012279 0.651888 -0.104393 0.391209 0.811941 0.765384 -0.752784 -0.563733 -0.411975
0.348373 0.024357 0.718003 0.857691 -0.596459 0.683355 1.090029 0.673012 -0.761111 -0.770348
-0.634583 -0.083485 -0.677083 -0.434272 -0.136648 0.672417 0.269580 -0.799373 0.497565 0.463201
-0.482213 0.771541 0.899927 0.665643 0.945758 -0.503873 0.143002 -1.074451 -0.090003 1.098155
-0.248250 0.959324 0.876797 0.824433 -0.609280 0.556621 0.565147 -0.691161 -0.113099 -0.558668
0.606816 -0.177574 -0.380353 -0.666878 0.684463 -0.715304 1.679849 -0.882112 0.702968 -0.602636
0.584467 1.134540 1.159916 -1.022869 -0.177255 -1.426095 -0.065357 -1.281980 0.139091 -0.690665
-0.191651 0.467495 -0.289560 -0.483266 0.400828 -0.838661 0.746627 -0.226653 0.446421 -0.061790
-0.041227 -0.387460 1.048396 0.586068 1.007887 -1.061654 1.049866 0.668659 -0.071401 -0.210105
0.502370 -0.387401 -0.001704 -0.645348 0.922498 -0.237140 0.988087 0.171996 0.236347 1.058998
-0.340847 0.618103 0.568542 -0.160058 -0.749933 -0.549950 0.285635 0.278730 -0.075731 0.115792
-0.413123 0.217440 1.179681 -0.632015 0.798620 -0.727699 -0.335576 -0.736957 1.293460 0.746572
-0.399023 0.520996 0.763641 -0.104110 -0.020132 0.311730 -0.477639 -0.811928 -0.210830 -1.118058
0.462047 0.132574 -0.260773 0.555932 -0.674892 -0.808145 -0.295639 -0.779161 -0.585142 0.900090
-0.467124 0.564819 -0.539860 -0.999439 0.282741 0.374774 1.207288 -0.756277 -0.420127 0.896760
1.036352 0.957275 0.608831 0.600952 0.997430 -0.424842 0.572529 -0.468165 0.940722 0.711491
0.563446 0.967304 0.208265 0.644130 -0.237709 -0.974942 1.127216 0.123792 -0.079414 0.380112
1.691972 -0.368908 -0.537599 0.191804 -0.247898 -0.172033 0.508809 -0.090313 -0.117572 -0.331695
0.892392 0.353000 -0.517355 -0.311575 0.666178 -1.560590 1.413950 0.420650 1.786382 0.979580
0.047820 0.739066 -0.299341 -0.387692 0.368745 -0.272602 1.124428 -0.769941 0.930591 1.022755
-0.877434 0.011950 0.394278 0.667428 -0.529735 0.592403 0.055618 0.646100 -0.748614 -0.711294
1.308565 0.600590 0.037533 -0.700390 0.555950 -1.274066 0.345285 -0.693289 0.639421 0.570489
0.975872 1.182171 0.483975 0.129196 0.041727 0.456924 -0.133461 0.503343 -0.136817 0.335492
0.517581 -0.425974 -0.591308 0.005282 0.717522 0.060505 -0.503665 0.679803 0.039683 1.021110
0.336838 -0.622226 -0.499092 0.697043 0.485554 0.670802 -0.144691 -0.024904 0.386550 0.297843
-0.315818 0.077248 -0.428655 0.680929 0.990814 -1.015024 0.549670 -0.404332 0.366659 -0.344956
0.587951 -0.118758 -0.295313 0.816474 0.927932 0.115410 -0.390913 0.704598 0.629999 0.623059
-0.643100 0.461674 -0.498888 0.283766 0.454524 0.847920 0.016591 0.497928 0.628111 0.082784
-1.091095 -1.028825 -0.787580 -0.641681 -0.724767 0.726414 -0.787829 -0.440999 0.562247 0.921300
0.443429 1.067679 -0.730822 0.872181 -0.212304 0.143748 0.916966 0.455877 0.220935 1.084240
0.130765 1.204052 0.517657 0.935764 -0.726858 -0.104413 0.766659 -0.613196 0.216386 0.063691
0.014692 -0.190714 0.871910 -0.018185 -0.691946 0.161518 0.614794 -0.050789 0.656820 0.146035
1.427876 -0.565097 1.046676 0.849666 -0.074612 -0.957909 0.525452 -0.961411 1.025362 -0.318358
0.306817 1.258667 1.110511 0.026317 0.970726 -1.055530 1.431261 -0.451335 0.224142 -0.422097
1.610146 0.445922 0.794379 0.237148 0.712525 -1.791882 1.508924 0.464662 0.825109 1.463946
-0.202536 0.503385 -0.087633 0.243827 -0.283550 0.172110 -0.472848 -1.198276 -0.607028 -0.490822
-0.179093 0.902028 -0.765361 0.290522 0.084604 -0.296602 -0.517938 -0.596494 -0.845935 0.455153
0.471156 0.095742 0.526182 -0.795072 1.016204 0.630289 0.656760 -0.441504 0.079028 0.078933
0.962381 0.906275 -0.004767 0.102342 0.832948 0.889539 0.431027 0.369741 -0.188200 0.902883
-0.479781 -1.019571 -0.012589 0.806583 0.012611 0.825625 -1.711335 1.961417 -0.970134 -0.941744
-0.743028 -2.008463 -1.446638 1.040397 -0.125889 2.944245 -2.392423 1.367113 -2.303274 -2.019269
-0.968569 -0.957313 -1.092957 -0.132787 -0.858634 2.210423 -1.739719 2.124805 -2.040993 -1.062367
-4.219676 -2.141381 -0.387525 -0.804365 -0.772252 2.847269 -3.551863 2.851013 -3.313964 -0.979957
-4.503541 -4.046634 -1.620526 -0.480337 -2.000875 3.852279 -4.863127 3.007788 -3.925397 -2.484188
-2.715496 -1.487207 -0.210292 0.712731 -0.623746 2.139938 -2.626389 1.672101 -1.769143 -1.589115
-0.458353 0.126162 -1.026835 0.700888 0.488850 0.775605 -1.519252 -0.289187 0.339296 -1.405073
-1.660689 -0.826630 -1.521540 1.062023 -1.333808 1.953193 -1.951039 0.964713 -1.554810 -1.307136
-0.411760 -0.575572 -0.621262 0.424384 -0.693713 1.499637 -1.070606 0.316956 -0.630101 -0.654259
1.120702 -0.366488 0.068044 0.776110 0.268501 0.192800 0.057807 0.149660 1.087855 -0.456391
0.767396 1.064164 -0.901641 -0.573044 -0.746759 0.379333 -0.729321 0.950045 -0.150921 0.880306
-0.422635 0.114809 0.818953 0.184133 -0.006133 -0.280823 0.387237 -0.309290 -0.441383 -0.578223
-0.561358 -0.708912 0.224577 0.688097 -0.204034 -1.101379 0.053393 -0.009552 0.027205 0.793989
