# syn0
-0.165956 0.440649 -0.999771 -0.395335 -0.706488 -0.815323 -0.627480 -0.308879 -0.206465 0.077633
-0.073897 0.392060 -0.524949 0.747414 -0.925582 0.307788 -0.027055 -0.001172 -0.693783 -0.513285
1.256775 1.347209 -0.123143 0.340296 0.948141 0.399870 -0.253132 -1.374825 -0.268805 1.043977
-0.305616 0.138612 1.075421 0.035183 0.507288 -0.612742 0.722924 0.435765 -0.650420 0.619599
1.092899 0.425192 -0.427199 0.567633 -0.750407 -0.084864 1.054326 -0.472789 -0.285229 -0.698875
-0.782435 0.345464 -0.559036 -0.482488 0.066190 -0.944930 0.426311 -0.835734 0.363087 0.486898
-0.834979 -0.225354 0.349379 -0.168296 -0.928309 0.142699 0.260085 0.092805 0.875161 0.116440
0.773384 -0.744782 -0.742442 0.616403 -0.220578 -0.639804 0.835095 -0.273164 0.495428 0.426881
0.565016 0.155044 0.413952 -0.284313 -0.546636 1.009043 -0.418899 1.056713 0.140656 0.156624
-0.990049 0.803499 -0.204107 0.176209 -0.280345 -0.278643 0.491455 0.285566 -1.199330 0.126579
0.062528 0.419489 0.805620 -0.309811 1.007589 -0.297909 -0.516665 0.492626 0.847485 1.288644
-0.181841 -0.210417 0.982314 0.360641 -0.625292 -0.131151 1.153559 0.448194 1.062664 -0.355388
-0.776170 -0.805586 -0.841343 -0.517281 0.796699 -0.092457 0.494444 0.557408 -0.464803 -0.255504
0.309294 0.934424 0.156715 -0.965303 0.635846 -0.636756 0.849119 -0.330501 0.858855 0.599245
0.897132 -0.339904 -0.781938 -0.784460 -0.849977 -1.679981 0.234442 0.052696 0.687619 -0.551504
-0.071400 1.321739 0.234427 -0.620560 -0.434429 -0.407317 0.173882 -0.210564 1.508225 1.117042
-0.444680 0.213352 0.369977 0.641445 -0.572713 -1.143272 -0.689811 -0.110285 0.304852 0.321868
0.339753 1.516370 0.562500 -0.286276 0.410402 -0.171384 1.079040 -1.105026 -0.347730 0.320127
1.521165 0.209980 1.009385 -0.939441 -0.055890 -0.256635 0.535618 -0.683238 0.970401 1.431295
0.089038 -0.484439 0.676841 0.506265 0.992123 0.591851 -0.482299 -0.840649 0.674122 1.006050
1.239351 0.242580 0.950450 0.253952 -0.071362 -0.222479 0.615668 -0.141004 1.054029 0.928570
0.192403 1.114731 -0.527057 -0.779177 -0.541317 -0.254141 -0.508963 0.586666 0.901153 -0.832546
-0.687255 -0.389339 -0.777428 0.622327 -0.338743 0.951121 0.096525 0.820691 0.675441 0.754115
-0.113659 0.072963 0.576212 -0.426942 -0.035425 0.227709 -0.988855 0.218267 -0.138844 0.589607
-0.373886 0.734652 0.112896 -0.628063 0.538347 0.346239 -1.008854 -0.056804 0.323961 0.806949
-1.021517 0.899214 -0.305656 0.953024 0.161794 0.809901 -0.007472 0.370135 -0.481868 0.122469
1.141099 1.262417 0.632787 0.364580 0.976460 -1.016088 1.038230 -0.501082 0.256112 0.249600
0.674333 0.385295 0.541006 -0.192452 1.311305 -0.643273 0.480236 -0.635617 0.494152 1.217822
1.573927 1.289742 0.726187 -0.516534 -0.182591 -0.026064 1.125597 0.082291 0.936362 0.866584
0.639581 0.822268 0.379917 -0.105658 -0.108019 -1.292050 0.479795 -1.287764 1.460311 -0.410098
1.408369 1.137109 0.475053 0.111842 -0.617138 -0.961209 0.473367 -0.923202 0.753208 0.047924
1.783287 1.327578 -0.322027 -0.814029 -0.492626 -0.987874 1.312262 -1.061088 0.143269 1.239337
0.032451 0.592170 -0.220319 -0.834008 0.332572 -0.720587 -0.064682 -0.073053 0.295732 0.775900
0.613980 1.711146 0.228011 -0.075992 1.349953 -2.942943 1.286393 -0.435145 1.487523 1.064986
2.598140 2.347548 1.340810 0.572315 -0.037505 -1.717535 1.954331 -1.162593 1.751709 0.085185
1.454060 1.217186 -0.205223 -0.557539 0.550996 -1.140311 1.272002 -0.717996 1.249703 1.528492
0.252482 -0.182709 1.074295 0.043079 1.180619 -0.415101 1.584689 -0.399445 0.473692 -0.487848
0.136944 -0.626545 -0.502079 0.468944 -0.735890 -0.757045 1.168156 0.026574 0.606688 -0.473536
-0.226139 0.041812 0.904331 -0.581569 -0.563440 -0.305892 0.454862 0.023107 -1.006323 -0.036069
-0.632369 0.531045 -0.444910 -0.939366 0.155902 0.782762 -0.269273 0.567605 -0.023980 0.068922
1.082064 0.623962 -0.903297 0.407290 -0.032282 0.829683 -0.438275 -0.454300 -0.713036 -0.101307
-0.674469 0.184798 0.606076 0.388782 0.526524 -0.272545 0.687354 -0.067176 0.671419 0.244508
-0.450883 -0.699551 -0.895321 -0.871135 -0.029457 -0.882722 -0.753018 0.507085 -0.164232 0.613426
0.388860 0.197463 0.147224 -0.076010 0.767326 -0.652559 1.316325 -1.046830 0.836061 -0.486733
0.866888 -0.639205 0.375958 -1.041211 1.138420 0.245063 1.273302 0.435172 -0.204348 -0.470370
-0.177327 0.488225 0.997604 0.949282 0.569188 0.214550 1.253585 -0.487478 -0.212092 -0.591909
-0.635678 0.689752 -0.647433 -0.467817 0.641876 -0.426912 0.939986 -0.461104 0.098025 -0.371843
0.824046 -0.301539 -0.130244 0.036151 0.875070 -0.847419 0.369612 0.873953 -0.985828 0.005352
-0.233282 0.850366 0.293994 0.359642 0.087678 -0.234665 0.030891 -1.208182 0.258192 -0.098078
1.005116 1.647420 0.322682 -0.591374 0.283363 -0.685326 2.136521 -0.126193 1.277451 0.010953
0.819073 0.699811 0.067839 -0.757984 0.786140 -2.044292 1.941715 -1.626611 1.278718 0.309767
1.109499 0.415028 -0.680809 -0.597049 0.541237 -0.942696 0.674177 -1.150996 0.806157 1.598429
1.437981 0.766863 1.134076 0.771082 0.450411 -1.701403 -0.054194 -1.431831 0.534923 0.087706
1.528558 -0.296177 1.033126 0.520617 0.879843 -0.302845 0.942718 -0.476004 -0.538307 -0.049257
-0.125804 0.338839 -0.137915 -0.074572 -0.783580 -0.808460 0.471073 -0.250938 0.848585 -0.612633
-0.378873 -0.018371 0.470210 -0.066862 -0.781317 -0.279916 -0.022266 0.415587 0.494037 -0.752310
-0.829684 0.232192 0.659237 -0.986413 0.372474 0.231157 0.021764 0.829256 0.442191 -0.909439
-0.011419 0.732347 0.629599 0.299291 0.286220 0.221546 -0.523014 0.269213 0.328775 -0.355187
0.920821 -0.539637 0.527458 -0.419738 0.558398 -0.152513 0.738034 -0.209043 -0.591302 0.561468
-0.030094 0.720510 0.630996 -0.573522 -0.475553 -0.821556 -0.324786 -0.386419 -0.801910 -0.564204
0.827856 0.824268 -0.646137 -0.573657 -0.403529 0.463017 0.983779 -0.324818 0.043553 1.011199
0.294272 1.026177 0.544573 -0.072379 -0.588150 0.661607 -0.246237 -0.899817 0.226811 0.042520
-0.499054 0.563344 -0.489650 0.283191 0.599141 -0.867702 0.385018 0.371408 0.464664 0.330475
-0.185219 0.609953 1.045037 -0.157329 0.679971 -1.253598 0.907693 -0.793518 0.053119 -0.203173
-0.679620 0.955367 -0.227192 0.049923 0.031834 -0.907885 -0.401488 -0.876536 0.069654 -0.474337
0.368609 -0.206703 0.871648 -0.841175 1.220219 -1.457275 0.880185 -1.216279 0.883451 -0.301504
0.906007 1.039893 -0.411876 0.055657 -0.333617 -0.353337 1.237673 -0.926365 1.226240 -0.519733
1.234602 0.291046 -0.120548 0.498524 0.562577 0.657015 0.083330 -1.144010 1.301784 0.961663
1.104567 0.434310 0.526723 0.525400 0.036989 0.119036 1.278785 -0.255282 0.373282 0.687432
-0.517999 0.887527 0.846895 -0.540819 -0.577842 -0.883820 0.074388 0.437216 0.451545 -0.262776
-0.755462 -0.449876 0.207008 -0.349373 -0.099934 -0.078701 0.605881 -0.129151 -0.339936 0.337205
-0.576358 -0.077037 -0.381250 0.255177 0.745911 -0.083480 0.540778 -0.071589 0.298382 -0.741912
0.107439 1.107046 0.296437 0.514638 0.085073 -0.256651 0.873884 -0.954790 0.371068 1.049728
0.228136 -0.404147 0.742806 -0.509695 0.432027 -0.073195 1.014440 0.243013 0.832943 -0.910119
0.975478 -0.875699 -0.354097 0.897937 -1.017171 0.704076 0.758899 -0.085409 -0.464392 0.570125
0.040277 -0.677535 0.934668 0.786866 -0.010150 0.668519 0.017964 0.241119 -0.116994 0.113348
-0.113027 1.228833 -0.178203 -0.831252 -0.497698 -1.416247 0.999505 -0.377196 1.085717 0.339197
1.031307 0.668348 0.742814 -0.219360 0.509434 -1.074841 0.123249 -1.075017 0.313860 -0.244750
-0.012474 0.993392 -0.291564 0.952625 0.355947 -0.626738 1.040585 0.005681 -0.200519 0.834971
0.061069 -0.223411 -0.264174 0.381304 -0.376298 0.234091 -0.068817 -0.155220 0.275864 0.965668
1.090737 -0.439289 0.259531 0.777168 -0.030208 0.485268 -0.170530 0.048961 0.515767 -0.415516
-0.279626 0.367772 1.231318 -0.367295 0.829731 -1.498154 0.279892 -1.104044 0.731557 0.796524
1.216328 0.094706 0.816781 -0.596760 0.122116 -0.977845 0.292317 -1.281821 0.698575 0.837906
0.927273 0.658025 -0.418516 -0.737298 0.239416 0.358358 0.006718 -0.461435 0.368441 0.322731
-0.004819 0.154865 -0.244912 0.644048 0.883811 -0.571348 1.034580 -1.102857 0.452867 -0.008453
1.110325 0.650544 0.398704 -0.773943 0.073422 0.753753 1.279708 0.139465 -0.507038 0.480624
0.188902 -0.040275 -0.144498 0.195072 0.679963 0.450030 0.164095 0.905557 -0.839061 0.955320
-0.682333 -0.228361 -0.068956 -0.812763 0.330675 -1.353753 -0.160001 -0.925925 0.467540 0.388083
-0.041687 -0.324432 0.519202 -0.341234 0.655814 -0.331024 0.223804 -1.008178 0.263799 -0.152658
-0.513335 -0.186741 -0.283527 -0.056364 0.930802 -0.197169 0.466159 0.134283 0.735881 -0.234311
-0.395948 0.890131 -0.867146 0.903989 0.165612 -0.320166 1.084712 -1.007343 0.181225 -0.896990
0.355068 -0.531355 0.344649 0.955892 0.862954 -0.302620 0.567065 0.347031 0.182678 0.150129
-0.246940 -0.029787 -0.573142 0.423925 0.166528 -0.467405 1.162790 -0.278206 0.118264 -0.269590
-0.467342 0.048162 -0.840431 -0.441101 0.160578 0.682984 -0.435082 0.101416 0.238561 0.706586
-0.612456 -0.831358 -0.184556 0.589411 -0.600380 0.333829 -0.294587 -0.698381 -0.800518 -0.078684
-0.114056 0.351036 -0.831697 -0.701672 -0.941953 -0.985844 0.463082 -0.350112 -0.165339 0.260080
1.056198 0.681828 0.430745 0.834068 -0.910337 -0.961936 0.013770 -0.396513 0.954012 0.080943
0.438848 1.104744 0.094381 0.719932 -0.284783 -1.075390 0.299962 -0.426556 -0.063915 0.745372
-0.134779 -0.297172 1.038443 -0.565977 0.012116 -0.534150 0.782495 -1.426125 1.329519 1.301349
0.995772 -0.147833 0.210408 -0.332816 0.181757 0.717501 -0.126665 0.120927 -0.147748 0.700178
0.215158 1.197440 0.643473 0.504697 0.078351 -1.050276 -0.398697 -0.532462 -0.657783 0.683587
0.866798 0.247174 0.646348 0.051053 -0.815050 -1.194997 -0.189850 -0.426787 -0.645163 0.452448
0.140667 0.317061 -0.111249 0.688951 -0.102620 -1.075222 0.773197 0.354504 0.712593 0.896975
-0.712985 -0.183982 -0.784650 -0.180814 0.804263 -1.227594 0.181346 -0.795072 0.602132 0.735062
-0.775368 0.200443 -0.482970 0.886140 0.970329 -0.136622 1.216263 -0.330168 0.736789 0.032136
-0.570596 0.754254 0.329638 -0.862630 0.726736 0.421217 0.218035 0.544660 -0.577127 0.270915
0.777751 -0.774095 -0.706400 0.677867 0.289786 -0.090711 -0.384277 -0.498826 0.890650 -0.129653
-0.615548 0.952540 -0.520362 0.636689 0.880267 -0.315231 0.377588 -0.124180 0.447476 0.792108
-0.028914 0.882067 0.205491 -0.792893 -0.390688 -0.129517 -0.183727 -0.955742 -0.466065 0.858083
0.685084 1.065519 -0.258091 0.171734 0.322658 -0.016122 -0.487658 0.303237 1.096401 0.220079
-0.452199 0.544112 -0.911157 -0.351974 0.937844 -0.078855 0.942082 0.042641 0.811879 0.873559
-0.308654 -0.729072 0.511478 -0.127289 -0.663593 -0.045324 -0.762726 -0.721999 0.718755 -0.863576
-0.318977 -0.796499 1.121709 0.151547 -0.319739 0.756247 0.220834 -0.204225 0.309953 -0.345418
0.076991 0.275518 -0.200653 0.119227 0.709935 -1.623414 1.882778 -0.142101 1.325512 1.034671
-0.228413 0.493422 0.160857 0.295875 0.181499 -0.365367 1.167346 -0.287798 0.903873 -0.182746
0.740987 0.720661 0.894005 -0.544179 -0.587352 -0.326139 -0.288832 0.483492 0.314748 0.630213
0.017428 -0.699636 -0.766133 -0.254149 -0.602360 0.464461 0.342910 0.364725 0.113057 -0.778189
-0.295141 0.092570 -0.587485 -0.955759 0.478863 0.172010 -0.160516 0.661809 0.009733 0.787441
0.436569 0.216748 -0.559333 0.046645 0.856534 -0.452922 0.904914 0.719127 -0.197120 0.435892
0.848274 -0.861813 0.784854 -0.625021 0.757083 0.372119 -0.183361 -0.783399 0.391921 0.752715
0.641792 0.239127 0.946887 0.179351 -0.558436 -0.271602 -0.233348 0.976576 -0.252967 1.065648
0.052012 -0.655659 -0.797624 -0.259713 -0.705691 0.116738 -0.000023 0.959843 0.891022 -0.587175
-0.030432 0.087834 0.203170 0.545504 0.007138 -0.459318 -0.280319 0.774067 -0.762569 0.788263
-0.364253 0.613017 -0.180528 0.922835 -0.673667 -0.970863 0.937258 0.019721 -0.208507 -0.866813
-0.393540 -0.679557 -0.551595 0.782880 0.785733 0.300573 0.006098 0.541583 0.020420 -0.251422
-0.277800 0.802238 -0.225349 -0.014727 -0.479214 0.706253 -0.136313 -0.450085 0.468492 -0.610072
-0.582137 0.739258 0.559545 0.169027 -0.412388 0.047759 0.565313 -0.485817 -0.716324 0.857301
-0.013655 0.575925 -0.426809 0.171680 -0.062559 -0.402127 -0.531698 -0.605655 -0.721817 -0.304392
0.724073 0.498170 0.519618 -1.006397 0.473827 -0.261781 -0.260661 -0.813598 -0.421992 0.866489
1.624486 1.410600 -0.035551 0.511298 0.363804 -0.125661 0.700605 -0.185190 1.018496 -0.453346
0.488908 -0.016347 0.273972 0.896761 -0.073455 -0.597914 0.948999 0.113852 -0.079224 0.532471
-0.195746 -0.791069 -0.128270 -0.326017 -0.576984 0.958092 0.291374 0.223038 0.390395 0.070288
0.569228 0.955839 0.797097 -0.670757 -0.453571 -0.933174 1.027553 -0.587245 0.470544 -0.763198
-0.410296 0.100368 -0.718229 -0.227893 0.096127 -0.397986 0.182007 0.013523 -0.069432 0.450081
0.484452 0.438117 0.161795 -0.298371 0.310146 0.797414 0.426786 0.827477 0.029458 0.576346
-0.797305 0.592964 0.075376 -1.003898 -0.361679 -0.004394 0.768935 -1.025518 0.245551 0.699111
0.322771 0.850674 -0.831091 -0.449303 0.834745 0.459641 0.173509 0.613035 0.812600 0.998461
1.040842 -0.724905 -0.818039 -0.855352 -0.972867 0.849999 -0.764676 0.611476 0.431424 0.056335
-0.269821 -0.286810 -0.461081 0.820870 0.464845 -1.112753 -0.048868 -0.434543 -0.895340 0.837196
0.653920 -0.248690 0.649652 -0.362716 -0.322439 0.646152 0.951830 -0.045160 0.934695 0.835370
0.197765 -0.158888 0.471978 -0.099366 0.272293 0.905385 0.583389 -0.458785 -0.771499 -0.608894
0.176191 -0.113817 0.612336 0.862514 -0.619511 0.679021 0.920370 0.860352 -0.872885 -0.843087
-0.892418 -0.265458 -0.842983 -0.422637 -0.226516 0.791312 0.069507 -0.526591 0.119447 0.376700
-0.737626 0.574977 0.743039 0.681571 0.829960 -0.317940 -0.008478 -0.834432 -0.460498 0.992429
-0.272166 0.951463 0.872718 0.829172 -0.639514 0.561228 0.493736 -0.682182 -0.138448 -0.592320
0.465409 -0.320335 -0.444224 -0.653056 0.631362 -0.591219 1.488978 -0.770367 0.598688 -0.712188
0.362687 0.943098 1.054238 -1.001556 -0.319659 -0.993236 -0.457291 -1.018654 -0.005255 -0.841009
-0.531180 0.121151 -0.458156 -0.450381 0.154630 -0.139258 0.340093 0.109445 0.112620 -0.356291
-0.259999 -0.665309 0.938011 0.605199 0.891785 -0.680511 0.921152 0.836514 -0.308826 -0.418361
0.366247 -0.466731 -0.010578 -0.640290 0.914434 -0.165470 1.013516 0.205706 0.193845 1.061258
-0.584304 0.397488 0.368625 -0.141487 -0.866494 -0.148302 0.002391 0.535075 -0.377502 -0.088205
-0.874663 0.029648 0.844046 -0.612756 0.542129 -0.060829 -1.013043 -0.459095 0.581420 0.517064
-0.777088 0.505837 0.589614 -0.098102 -0.184017 0.722157 -0.890250 -0.725902 -0.737960 -1.208638
0.420335 0.106253 -0.323211 0.555980 -0.716773 -0.603388 -0.409611 -0.691591 -0.749118 0.816088
-0.583436 0.489894 -0.640134 -0.997100 0.178216 0.639088 1.061991 -0.568375 -0.670944 0.755481
0.872840 0.909502 0.442273 0.598548 0.893885 -0.263288 0.456110 -0.227526 0.674323 0.519966
0.309756 0.833340 0.041271 0.640221 -0.348587 -0.795928 1.057756 0.329061 -0.273678 0.254310
1.252195 -0.656134 -0.774269 0.224194 -0.472437 0.351574 0.317763 0.133129 -0.576165 -0.703626
0.482529 -0.037602 -0.791077 -0.265374 0.402669 -0.863867 1.023842 0.798294 1.109382 0.573168
-0.088237 0.563613 -0.405236 -0.373872 0.245409 0.014503 0.888949 -0.520877 0.658472 0.940330
-0.885950 0.019873 0.393090 0.671353 -0.556374 0.581288 0.000528 0.647727 -0.757534 -0.742121
1.245541 0.460323 0.025947 -0.693548 0.470043 -1.242140 0.152352 -0.661991 0.545484 0.491380
0.870438 1.000243 0.450313 0.140931 -0.090799 0.686625 -0.423051 0.638964 -0.258185 0.230514
0.371725 -0.555604 -0.646802 0.018231 0.601404 0.323288 -0.750590 0.822403 -0.064294 0.924272
0.162566 -0.810452 -0.578012 0.708002 0.418442 0.791979 -0.342598 0.037294 0.305995 0.206409
-0.416753 -0.039747 -0.464667 0.687788 0.970309 -0.955068 0.396756 -0.389747 0.317525 -0.377125
0.366638 -0.171040 -0.388310 0.820558 0.875364 0.136791 -0.601275 0.847569 0.562362 0.590968
-0.925671 0.354399 -0.642108 0.295177 0.353728 0.913137 -0.321694 0.733042 0.544953 -0.044687
-1.164399 -1.015394 -0.879454 -0.626802 -0.798239 0.938563 -1.040467 -0.311844 0.484562 0.774357
0.258324 1.006790 -0.875373 0.890277 -0.357108 0.504222 0.659184 0.674689 -0.037136 0.937009
-0.155215 1.051688 0.375152 0.948549 -0.863546 0.227514 0.530284 -0.330280 -0.105944 -0.119341
-0.151226 -0.335573 0.736491 -0.015321 -0.729353 0.324687 0.499697 0.157122 0.430587 0.033599
1.186587 -0.771020 0.919127 0.849357 -0.133630 -0.821161 0.420023 -0.802397 0.820684 -0.363875
-0.197900 0.950743 0.863072 0.057296 0.784340 -0.524431 1.182026 -0.275417 -0.241943 -0.808509
1.137012 -0.008128 0.477949 0.279742 0.462509 -1.037587 1.033411 0.820511 0.202403 0.954111
-0.351102 0.255671 -0.205818 0.255523 -0.391825 0.531741 -0.756118 -0.924585 -0.835557 -0.686616
-0.163694 0.917811 -0.762470 0.289708 0.088199 -0.312324 -0.501617 -0.603846 -0.829506 0.457978
0.441049 -0.010420 0.521806 -0.794519 0.955819 0.643991 0.524367 -0.419861 0.011811 0.048497
0.944519 0.793877 0.014754 0.101698 0.788750 0.870183 0.341024 0.386088 -0.233229 0.877401
0.659693 0.075794 0.726173 0.701478 0.609340 -0.734507 0.030348 0.823103 0.509358 -0.169768
0.915093 -0.508957 -0.420782 0.915303 0.516781 1.059023 -1.219825 -0.189568 -0.575030 -0.556553
0.011409 -0.070899 -0.406344 -0.212395 -0.176522 1.014333 -0.689289 0.849049 -0.768250 -0.091144
-2.723731 -1.205255 0.166704 -0.852456 -0.348882 1.251298 -2.266907 1.559376 -2.031531 -0.129369
-2.004915 -1.817566 -0.355306 -0.642246 -0.749414 1.297063 -2.130444 1.213659 -1.432718 -0.838819
-1.304457 -0.511521 0.346288 0.655816 -0.016375 0.681495 -1.423242 1.178355 -0.499034 -1.061817
0.183548 0.885285 -0.652021 0.684008 0.678313 -0.109966 -0.890213 -0.748578 0.868104 -0.854481
-0.223029 0.240344 -0.597307 0.961762 -0.688808 0.042881 0.289433 -0.594333 -0.016677 0.030352
0.569357 0.274261 -0.038897 0.333466 -0.092633 0.003493 0.417583 -0.707409 0.646728 0.269055
1.004967 -0.519227 -0.022771 0.785936 0.226129 0.344381 -0.087872 0.321985 0.957868 -0.555675
0.648988 0.965872 -0.945006 -0.574895 -0.746201 0.439365 -0.799868 0.964696 -0.176772 0.838671
-0.629229 -0.124031 0.687991 0.190552 -0.078531 0.025900 0.147719 -0.118347 -0.614713 -0.772767
-0.697544 -0.895018 0.117353 0.695442 -0.281761 -0.849378 -0.148551 0.204016 -0.149193 0.621442
