# l2
0.492605
0.998532
0.998532
0.998532
0.998942
0.998942
0.998942
0.998922
0.998922
0.998922
0.319874
0.988981
0.988981
0.988981
0.998854
0.998854
0.998854
0.998969
0.998969
0.998969
0.998961
0.998861
0.998861
0.319874
0.000000
0.000000
0.000000
0.001944
0.001944
0.001944
0.000692
0.000692
0.000692
0.000036
0.000036
0.000036
0.319874
0.001720
0.001720
0.001720
0.003186
0.003186
0.003186
0.001170
0.001170
0.001170
0.000332
0.001251
0.001251
0.319874
0.007036
0.007036
0.007036
0.000274
0.000274
0.000274
0.000010
0.000010
0.000010
0.000006
0.000052
0.000052
0.492605
0.003632
0.003632
0.003632
0.003698
0.003698
0.003698
0.002560
0.002560
0.002560
0.006016
0.006016
0.006016
0.492605
0.002482
0.002482
0.002482
0.001020
0.001020
0.001020
0.001050
0.001050
0.001050
0.492605
0.001989
0.001989
0.001989
0.000025
0.000025
0.000025
0.000501
0.000501
0.000501
0.000000
0.000000
0.000000
0.000000
0.000000
0.000000
0.000000
0.000000
0.000000
0.000000
0.492605
0.002902
0.002902
0.002902
0.001844
0.001844
0.001844
0.000760
0.000760
0.000760
0.000321
0.000321
0.000321
0.000000
0.002269
0.002269
0.002269
0.000030
0.000030
0.000030
0.000132
0.000132
0.000132
0.000000
0.000000
0.000000
0.000000
0.997216
0.997216
0.997216
0.998582
0.998582
0.998582
0.000000
0.995412
0.995412
0.995412
0.998672
0.998672
0.998672
0.998934
0.998934
0.998934
0.492605
0.996105
0.996105
0.996105
0.998966
0.998966
0.998966
0.998917
0.998917
0.998917
0.998943
0.998943
0.998943
0.492605
0.998414
0.998414
0.998414
0.998977
0.998977
0.998977
0.998963
0.998963
0.998963
0.998970
0.998970
0.998970
0.492605
0.996243
0.996243
0.996243
0.998971
0.998978
0.998978
0.998972
0.998972
0.998972
0.319874
0.988054
0.988054
0.998872
0.998872
0.998872
0.998968
0.998968
0.998968
0.998963
0.997882
0.997882
0.997882
0.998774
0.998774
0.998774
0.998911
0.998911
0.998911
0.458288
0.989320
0.989320
0.989320
0.998823
0.998823
0.998823
0.998919
0.998919
0.998919
0.998823
0.998823
0.998823
0.458288
0.998793
0.998793
0.998793
0.998980
0.998980
0.998980
0.998980
0.998980
0.998980
0.998979
0.998979
0.998979
0.458288
0.998793
0.998950
0.998950
0.998980
0.998980
0.998980
0.998980
0.998980
0.998980
0.317795
0.997856
0.997856
0.997856
0.998873
0.998873
0.998873
0.998854
0.998854
0.998854
0.317795
0.000467
0.000467
0.000467
0.000063
0.000063
0.000063
0.000931
0.000931
0.000931
0.317795
0.000122
0.000122
0.000122
0.000128
0.000128
0.000037
0.001242
0.001242
0.001242
0.458288
0.000490
0.000490
0.000490
0.000146
0.000146
0.000146
0.000023
0.000023
0.000023
0.000433
0.000722
0.000722
0.458288
0.000624
0.000624
0.000624
0.000007
0.000307
0.000307
0.000536
0.000536
0.000536
0.458288
0.005475
0.005475
0.005475
0.000799
0.000799
0.000799
0.001030
0.001030
0.001030
0.000741
0.000741
0.000741
0.319874
0.004529
0.004529
0.004529
0.001696
0.001696
0.001696
0.000216
