layer 1
[[1.07486226e-01 7.31546080e-02 2.33011917e-03 ... 9.95853490e-03
  1.63437039e-02 3.40563763e-02]
 [2.18505397e-02 7.36302421e-04 2.64703446e-06 ... 8.77776903e-06
  9.97528853e-01 4.06940240e-08]
 [2.18505397e-02 7.36302421e-04 2.64703446e-06 ... 8.77776903e-06
  9.97528853e-01 4.06940240e-08]
 ...
 [1.21913969e-04 7.52254678e-04 4.40827027e-05 ... 7.80976746e-07
  9.99995030e-01 2.76615629e-04]
 [1.21913969e-04 7.52254678e-04 4.40827027e-05 ... 7.80976746e-07
  9.99995030e-01 2.76615629e-04]
 [1.21913969e-04 7.52254678e-04 4.40827027e-05 ... 7.80976746e-07
  9.99995030e-01 2.76615629e-04]]
layer 2
[[4.95948161e-01]
 [9.98699327e-01]
 [9.98699327e-01]
 [9.98699327e-01]
 [9.98559943e-01]
 [9.98559943e-01]
 [9.98559943e-01]
 [4.95948161e-01]
 [6.42949581e-01]
 [6.42949581e-01]
 [6.42949581e-01]
 [9.91029021e-01]
 [9.91029021e-01]
 [9.91029021e-01]
 [9.99990563e-01]
 [9.99990563e-01]
 [9.99990563e-01]
 [9.99991643e-01]
 [9.99991643e-01]
 [9.99991643e-01]
 [1.99776464e-04]
 [4.96230407e-08]
 [4.96230407e-08]
 [4.96230407e-08]
 [1.38606832e-09]
 [1.38606832e-09]
 [1.38606832e-09]
 [3.57216544e-10]
 [3.57216544e-10]
 [3.57216544e-10]
 [1.03002645e-09]
 [1.03002645e-09]
 [1.03002645e-09]
 [1.99776464e-04]
 [1.11678852e-05]
 [1.11678852e-05]
 [1.11678852e-05]
 [7.24806721e-06]
 [7.24806721e-06]
 [7.24806721e-06]
 [2.33333272e-08]
 [2.33333272e-08]
 [2.33333272e-08]
 [4.50116286e-09]
 [4.50116286e-09]
 [4.50116286e-09]
 [1.99776464e-04]
 [1.06533424e-04]
 [1.06533424e-04]
 [1.06533424e-04]
 [1.22719094e-05]
 [1.22719094e-05]
 [1.22719094e-05]
 [1.13723307e-07]
 [1.13723307e-07]
 [1.13723307e-07]
 [4.95948161e-01]
 [2.99927149e-07]
 [2.99927149e-07]
 [2.99927149e-07]
 [1.37312616e-06]
 [2.27593599e-06]
 [2.27593599e-06]
 [1.29003412e-06]
 [1.29003412e-06]
 [1.29003412e-06]
 [4.95948161e-01]
 [9.97954111e-01]
 [9.97954111e-01]
 [9.97954111e-01]
 [9.93633933e-01]
 [9.93633933e-01]
 [9.93633933e-01]
 [9.94590869e-01]
 [9.94590869e-01]
 [9.94590869e-01]
 [4.95948161e-01]
 [9.97035033e-01]
 [9.89652433e-01]
 [9.89652433e-01]
 [9.98589003e-01]
 [9.98589003e-01]
 [9.98589003e-01]
 [9.98285168e-01]
 [9.98285168e-01]
 [9.98285168e-01]
 [1.99776464e-04]
 [6.02758119e-01]
 [6.02758119e-01]
 [6.02758119e-01]
 [9.97553822e-01]
 [9.97553822e-01]
 [9.97553822e-01]
 [9.98480123e-01]
 [9.98480123e-01]
 [9.98480123e-01]
 [1.99776464e-04]
 [6.70272782e-01]
 [6.70272782e-01]
 [6.70272782e-01]
 [9.97106885e-01]
 [9.97106885e-01]
 [9.97106885e-01]
 [9.97536015e-01]
 [9.97536015e-01]
 [9.97536015e-01]
 [1.99776464e-04]
 [6.02758119e-01]
 [6.02758119e-01]
 [6.02758119e-01]
 [9.89876721e-01]
 [9.89876721e-01]
 [9.89876721e-01]
 [9.98515115e-01]
 [9.98515115e-01]
 [9.98515115e-01]
 [9.98551264e-01]
 [9.98551264e-01]
 [9.98551264e-01]
 [6.51494893e-01]
 [5.60271005e-03]
 [5.60271005e-03]
 [5.60271005e-03]
 [3.46874340e-04]
 [3.46874340e-04]
 [3.46874340e-04]
 [1.32651041e-04]
 [1.32651041e-04]
 [1.32651041e-04]
 [4.33446684e-07]
 [4.33446684e-07]
 [4.33446684e-07]
 [1.99776464e-04]
 [9.59867009e-04]
 [9.59867009e-04]
 [9.59867009e-04]
 [4.11072677e-04]
 [4.11072677e-04]
 [4.11072677e-04]
 [1.80591288e-04]
 [1.80591288e-04]
 [1.80591288e-04]
 [1.99776464e-04]
 [6.70272782e-01]
 [1.19978134e-05]
 [1.19978134e-05]
 [2.05800814e-04]
 [2.05800814e-04]
 [2.05800814e-04]
 [3.56335811e-04]
 [3.56335811e-04]
 [3.56335811e-04]
 [1.99776464e-04]
 [9.44896294e-03]
 [9.44896294e-03]
 [9.44896294e-03]
 [3.11084974e-04]
 [3.11084974e-04]
 [3.11084974e-04]
 [3.91571992e-04]
 [3.91571992e-04]
 [3.91571992e-04]
 [4.55410668e-05]
 [4.55410668e-05]
 [4.55410668e-05]
 [4.95948161e-01]
 [6.42949581e-01]
 [6.42949581e-01]
 [6.42949581e-01]
 [4.03631002e-02]
 [4.03631002e-02]
 [4.03631002e-02]
 [9.44495995e-03]
 [9.44495995e-03]
 [9.44495995e-03]
 [1.00127957e-02]
 [9.61247057e-03]
 [9.61247057e-03]
 [4.95948161e-01]
 [2.99927149e-07]
 [2.99927149e-07]
 [2.99927149e-07]
 [9.72227815e-05]
 [9.72227815e-05]
 [9.72227815e-05]
 [2.67005497e-07]
 [2.67005497e-07]
 [2.67005497e-07]
 [4.95948161e-01]
 [4.98877791e-01]
 [4.98877791e-01]
 [4.98877791e-01]
 [1.00646685e-02]
 [1.00646685e-02]
 [1.00646685e-02]
 [3.10558545e-03]
 [3.10558545e-03]
 [3.10558545e-03]
 [2.54046101e-03]
 [2.54046101e-03]
 [2.54046101e-03]
 [6.09358649e-01]
 [6.37691618e-01]
 [6.37691618e-01]
 [6.37691618e-01]
 [1.44010309e-05]
 [1.44010309e-05]
 [1.44010309e-05]
 [9.20310565e-10]
 [9.20310565e-10]
 [9.20310565e-10]
 [3.30929920e-08]
 [3.30929920e-08]
 [3.30929920e-08]
 [6.09358649e-01]
 [8.11657841e-03]
 [2.62967491e-03]
 [2.62967491e-03]
 [1.89033354e-04]
 [1.89033354e-04]
 [1.89033354e-04]
 [1.92414691e-04]
 [1.92414691e-04]
 [1.92414691e-04]
 [6.09358649e-01]
 [9.95051192e-01]
 [9.95051192e-01]
 [9.95051192e-01]
 [9.98530866e-01]
 [9.98530866e-01]
 [9.98530866e-01]
 [9.98500945e-01]
 [9.98500945e-01]
 [9.98500945e-01]
 [6.09358649e-01]
 [9.88851050e-01]
 [9.88851050e-01]
 [9.88851050e-01]
 [9.95132960e-01]
 [9.95132960e-01]
 [9.95132960e-01]
 [9.98978618e-01]
 [9.98978618e-01]
 [9.98978618e-01]
 [6.09358649e-01]
 [6.37691618e-01]
 [6.37691618e-01]
 [6.37691618e-01]
 [9.93013039e-01]
 [9.93013039e-01]
 [9.93013039e-01]
 [9.97940001e-01]
 [9.97940001e-01]
 [9.97940001e-01]
 [9.97603383e-01]
 [9.97603383e-01]
 [9.97603383e-01]
 [4.95948161e-01]
 [9.92636972e-01]
 [9.92636972e-01]
 [9.92636972e-01]
 [9.99195425e-01]
 [9.99195425e-01]
 [9.99195425e-01]
 [9.98224255e-01]
 [9.98224255e-01]
 [9.98224255e-01]
 [4.95948161e-01]
 [8.30874835e-01]
 [8.30874835e-01]
 [8.30874835e-01]
 [9.98508012e-01]
 [9.98508012e-01]
 [9.98508012e-01]
 [9.98542562e-01]
 [9.98542562e-01]
 [9.98542562e-01]
 [9.98537274e-01]
 [9.98537274e-01]
 [9.98537274e-01]
 [4.95948161e-01]
 [9.95603574e-01]
 [9.95603574e-01]
 [9.95603574e-01]
 [9.99658002e-01]
 [9.99658002e-01]
 [9.99658002e-01]
 [9.99191879e-01]
 [9.99191879e-01]
 [9.99191879e-01]
 [1.99776464e-04]
 [9.95306220e-01]
 [9.95306220e-01]
 [9.95306220e-01]
 [9.99920488e-01]
 [9.99920488e-01]
 [9.99920488e-01]
 [9.99989143e-01]
 [9.99989143e-01]
 [9.99989143e-01]
 [1.99776464e-04]
 [9.99982427e-01]
 [9.99982427e-01]
 [9.99982427e-01]
 [9.99992003e-01]
 [9.99992003e-01]
 [9.99992003e-01]
 [9.99992049e-01]
 [9.99992049e-01]
 [9.99992049e-01]
 [9.99987105e-01]
 [9.99987105e-01]
 [9.99987105e-01]
 [1.99776464e-04]
 [9.99748014e-01]
 [9.99748014e-01]
 [9.99748014e-01]
 [9.99989943e-01]
 [9.99989943e-01]
 [9.99989943e-01]
 [9.99977072e-01]
 [9.99977072e-01]
 [9.99977072e-01]
 [6.51494893e-01]
 [9.99393075e-01]
 [9.99393075e-01]
 [9.99393075e-01]
 [9.99966545e-01]
 [9.99966545e-01]
 [9.99966545e-01]
 [9.99987979e-01]
 [9.99987979e-01]
 [9.99987979e-01]
 [6.51494893e-01]
 [9.99986327e-01]
 [9.99986327e-01]
 [9.99986327e-01]
 [9.98528212e-01]
 [9.98528212e-01]
 [9.98528212e-01]
 [9.98540250e-01]
 [9.98540250e-01]
 [9.98540250e-01]
 [9.98607525e-01]
 [9.97361401e-01]
 [9.97361401e-01]
 [6.51494893e-01]
 [9.88033720e-01]
 [9.88033720e-01]
 [9.88033720e-01]
 [9.90491819e-01]
 [9.90491819e-01]
 [9.90491819e-01]
 [9.94145073e-01]
 [9.94145073e-01]
 [9.94145073e-01]
 [3.23508422e-11]
 [1.65299718e-09]
 [1.65299718e-09]
 [1.65299718e-09]
 [1.36412473e-06]
 [1.36412473e-06]
 [1.36412473e-06]
 [5.88383304e-06]
 [5.88383304e-06]
 [5.88383304e-06]
 [6.51494893e-01]
 [2.01691767e-02]
 [2.01691767e-02]
 [2.01691767e-02]
 [2.50778314e-06]
 [2.50778314e-06]
 [2.50778314e-06]
 [3.57323690e-06]
 [3.57323690e-06]
 [3.57323690e-06]
 [6.51494893e-01]
 [1.75731929e-02]
 [1.75731929e-02]
 [1.75731929e-02]
 [7.98524428e-03]
 [7.98524428e-03]
 [7.98524428e-03]
 [1.73469796e-09]
 [1.73469796e-09]
 [1.73469796e-09]
 [1.35223385e-10]
 [1.35223385e-10]
 [1.35223385e-10]
 [6.51494893e-01]
 [7.66000750e-04]
 [7.66000750e-04]
 [7.66000750e-04]
 [1.99996496e-08]
 [1.99996496e-08]
 [1.99996496e-08]
 [2.44532939e-09]
 [2.44532939e-09]
 [2.44532939e-09]
 [1.99776464e-04]
 [6.02758119e-01]
 [6.02758119e-01]
 [6.02758119e-01]
 [6.17445425e-03]
 [6.17445425e-03]
 [6.17445425e-03]
 [3.39890886e-05]
 [3.39890886e-05]
 [3.39890886e-05]
 [1.99776464e-04]
 [6.02758119e-01]
 [6.02758119e-01]
 [6.02758119e-01]
 [1.19114802e-02]
 [1.19114802e-02]
 [1.19114802e-02]
 [4.05610497e-03]
 [4.05610497e-03]
 [4.05610497e-03]
 [5.04547799e-03]
 [5.04547799e-03]
 [5.04547799e-03]
 [1.99776464e-04]
 [4.96230407e-08]
 [4.96230407e-08]
 [4.96230407e-08]
 [2.73237757e-06]
 [2.73237757e-06]
 [2.73237757e-06]
 [5.64145846e-06]
 [5.64145846e-06]
 [5.64145846e-06]
 [2.62824942e-06]
 [2.62824942e-06]
 [2.62824942e-06]
 [4.95948161e-01]
 [8.30874835e-01]
 [1.19335206e-02]
 [1.19335206e-02]
 [2.21383378e-03]
 [2.21383378e-03]
 [2.21383378e-03]
 [7.78479818e-04]
 [7.78479818e-04]
 [7.78479818e-04]
 [4.95948161e-01]
 [9.84201723e-01]
 [9.84201723e-01]
 [9.84201723e-01]
 [9.98220273e-01]
 [9.98220273e-01]
 [9.98220273e-01]
 [9.98529875e-01]
 [9.98529875e-01]
 [9.98529875e-01]
 [9.98553922e-01]
 [9.98553922e-01]
 [9.98553922e-01]
 [4.95948161e-01]
 [5.14292166e-02]
 [5.14292166e-02]
 [5.14292166e-02]
 [4.64796429e-02]
 [4.64796429e-02]
 [4.64796429e-02]
 [2.27793739e-02]
 [2.27793739e-02]
 [2.27793739e-02]
 [4.95948161e-01]
 [6.72781619e-03]
 [6.72781619e-03]
 [6.72781619e-03]
 [2.07727348e-04]
 [2.07727348e-04]
 [2.07727348e-04]
 [8.11750121e-03]
 [8.11750121e-03]
 [8.11750121e-03]
 [2.17051895e-03]
 [2.17051895e-03]
 [2.17051895e-03]
 [4.95948161e-01]
 [5.09871164e-04]
 [5.09871164e-04]
 [5.09871164e-04]
 [1.40873629e-04]
 [1.40873629e-04]
 [1.40873629e-04]
 [1.41294730e-04]
 [1.41294730e-04]
 [1.41294730e-04]
 [6.09358649e-01]
 [9.95051192e-01]
 [9.95051192e-01]
 [9.95051192e-01]
 [9.97395328e-01]
 [9.98660865e-01]
 [9.98660865e-01]
 [9.98541922e-01]
 [9.98541922e-01]
 [9.98541922e-01]
 [4.95948161e-01]
 [4.98877791e-01]
 [4.98877791e-01]
 [4.98877791e-01]
 [9.98428478e-01]
 [9.98428478e-01]
 [9.98428478e-01]
 [9.98491416e-01]
 [9.98491416e-01]
 [9.98491416e-01]
 [4.95948161e-01]
 [2.02908961e-03]
 [2.02908961e-03]
 [2.02908961e-03]
 [1.39713845e-04]
 [1.39713845e-04]
 [1.39713845e-04]
 [1.31194612e-04]
 [1.31194612e-04]
 [1.31194612e-04]
 [5.88788496e-06]
 [5.88788496e-06]
 [5.88788496e-06]
 [4.95948161e-01]
 [1.14747050e-02]
 [1.14747050e-02]
 [1.14747050e-02]
 [3.88828862e-05]
 [3.88828862e-05]
 [3.88828862e-05]
 [1.55357645e-05]
 [1.55357645e-05]
 [1.55357645e-05]
 [6.09358649e-01]
 [8.76135827e-03]
 [8.76135827e-03]
 [8.76135827e-03]
 [1.26132379e-03]
 [1.26132379e-03]
 [1.26132379e-03]
 [1.04261910e-03]
 [1.04261910e-03]
 [1.04261910e-03]
 [6.09358649e-01]
 [9.88294046e-01]
 [9.88294046e-01]
 [9.88294046e-01]
 [9.94806444e-01]
 [9.94806444e-01]
 [9.94806444e-01]
 [9.94323310e-01]
 [9.94323310e-01]
 [9.94323310e-01]
 [9.93790621e-01]
 [9.87484897e-01]
 [9.87484897e-01]
 [6.09358649e-01]
 [9.98554574e-01]
 [9.98554574e-01]
 [9.98554574e-01]
 [9.99978473e-01]
 [9.99978473e-01]
 [9.99978473e-01]
 [9.99991293e-01]
 [9.99991293e-01]
 [9.99991293e-01]
 [4.95948161e-01]
 [9.91297517e-01]
 [9.91297517e-01]
 [9.91297517e-01]
 [9.98665209e-01]
 [9.98665209e-01]
 [9.98665209e-01]
 [9.98532017e-01]
 [9.98532017e-01]
 [9.98532017e-01]
 [9.98552636e-01]
 [9.98552636e-01]
 [9.98552636e-01]
 [4.95948161e-01]
 [9.92636972e-01]
 [9.92636972e-01]
 [9.92636972e-01]
 [9.98191316e-01]
 [9.98191316e-01]
 [9.98191316e-01]
 [9.98960716e-01]
 [9.98960716e-01]
 [9.98960716e-01]
 [4.95948161e-01]
 [2.63647208e-07]
 [2.63647208e-07]
 [2.63647208e-07]
 [3.37119922e-04]
 [3.37119922e-04]
 [3.37119922e-04]
 [5.03607481e-04]
 [5.03607481e-04]
 [5.03607481e-04]
 [7.81528109e-04]
 [7.81528109e-04]
 [7.81528109e-04]
 [4.95948161e-01]
 [9.90279057e-01]
 [9.90279057e-01]
 [9.90279057e-01]
 [9.98770100e-01]
 [9.98770100e-01]
 [9.98770100e-01]
 [9.99024226e-01]
 [9.99024226e-01]
 [9.99024226e-01]
 [4.95948161e-01]
 [9.98699327e-01]
 [9.98699327e-01]
 [9.98699327e-01]
 [9.98559943e-01]
 [9.98559943e-01]
 [9.98559943e-01]
 [9.98536435e-01]
 [9.98536435e-01]
 [9.98536435e-01]
 [9.98429219e-01]
 [9.98429219e-01]
 [9.98429219e-01]
 [1.99776464e-04]
 [9.99954979e-01]
 [9.99954979e-01]
 [9.99954979e-01]
 [9.99959433e-01]
 [9.99959433e-01]
 [9.99959433e-01]
 [9.99950749e-01]
 [9.99950749e-01]
 [9.99950749e-01]
 [1.99776464e-04]
 [6.70272782e-01]
 [6.70272782e-01]
 [6.70272782e-01]
 [2.06900285e-02]
 [2.06900285e-02]
 [2.06900285e-02]
 [1.91104604e-02]
 [1.91104604e-02]
 [1.91104604e-02]
 [1.94541557e-02]
 [1.94541557e-02]
 [1.94541557e-02]
 [1.99776464e-04]
 [4.93163395e-09]
 [4.93163395e-09]
 [4.93163395e-09]
 [8.79613845e-14]
 [8.79613845e-14]
 [8.79613845e-14]
 [3.72220806e-08]
 [3.72220806e-08]
 [3.72220806e-08]
 [1.12542173e-06]
 [1.12542173e-06]
 [1.12542173e-06]
 [4.95948161e-01]
 [3.34437614e-08]
 [3.34437614e-08]
 [3.34437614e-08]
 [8.46927989e-05]
 [8.46927989e-05]
 [8.46927989e-05]
 [1.39191381e-09]
 [1.39191381e-09]
 [1.39191381e-09]
 [1.39755717e-08]
 [1.39755717e-08]
 [1.39755717e-08]
 [4.95948161e-01]
 [1.79555113e-04]
 [1.79555113e-04]
 [1.79555113e-04]
 [3.33682197e-03]
 [3.33682197e-03]
 [3.33682197e-03]
 [5.78427801e-05]
 [5.78427801e-05]
 [5.78427801e-05]
 [4.95948161e-01]
 [5.09871164e-04]
 [5.09871164e-04]
 [5.09871164e-04]
 [9.64864949e-03]
 [9.64864949e-03]
 [9.64864949e-03]
 [1.49073454e-03]
 [1.49073454e-03]
 [1.49073454e-03]
 [6.09358649e-01]
 [1.90259889e-03]
 [1.90259889e-03]
 [1.90259889e-03]
 [2.13591261e-04]
 [2.13591261e-04]
 [2.13591261e-04]
 [8.27205071e-05]
 [8.27205071e-05]
 [8.27205071e-05]
 [6.09358649e-01]
 [7.86182286e-09]
 [7.86182286e-09]
 [7.86182286e-09]
 [8.89052564e-08]
 [8.89052564e-08]
 [8.89052564e-08]
 [1.90209446e-10]
 [1.90209446e-10]
 [1.90209446e-10]
 [6.40875967e-09]
 [6.40875967e-09]
 [6.40875967e-09]
 [6.09358649e-01]
 [1.78012687e-05]
 [1.78012687e-05]
 [1.78012687e-05]
 [7.70130081e-05]
 [7.70130081e-05]
 [7.70130081e-05]
 [1.95034236e-04]
 [1.95034236e-04]
 [1.95034236e-04]
 [9.93116320e-01]
 [9.97861168e-01]
 [9.97861168e-01]
 [9.97861168e-01]
 [9.97686515e-01]
 [9.97686515e-01]
 [9.97686515e-01]
 [9.98495826e-01]
 [9.98495826e-01]
 [9.98495826e-01]
 [9.98173975e-01]
 [9.98173975e-01]
 [9.98173975e-01]
 [6.09358649e-01]
 [9.45257166e-01]
 [9.45257166e-01]
 [9.45257166e-01]
 [9.66100660e-01]
 [9.66100660e-01]
 [9.66100660e-01]
 [9.67297457e-01]
 [9.67297457e-01]
 [9.67297457e-01]]

layer 1
[[1.07486226e-01 7.31546080e-02 2.33011917e-03 ... 9.95853490e-03
  1.63437039e-02 3.40563763e-02]
 [2.18505397e-02 7.36302421e-04 2.64703446e-06 ... 8.77776903e-06
  9.97528853e-01 4.06940240e-08]
 [2.18505397e-02 7.36302421e-04 2.64703446e-06 ... 8.77776903e-06
  9.97528853e-01 4.06940240e-08]
 ...
 [1.21913969e-04 7.52254678e-04 4.40827027e-05 ... 7.80976746e-07
  9.99995030e-01 2.76615629e-04]
 [1.21913969e-04 7.52254678e-04 4.40827027e-05 ... 7.80976746e-07
  9.99995030e-01 2.76615629e-04]
 [1.21913969e-04 7.52254678e-04 4.40827027e-05 ... 7.80976746e-07
  9.99995030e-01 2.76615629e-04]]
layer 2
[[4.95948161e-01]
 [9.98699327e-01]
 [9.98699327e-01]
 [9.98699327e-01]
 [9.98559943e-01]
 [9.98559943e-01]
 [9.98559943e-01]
 [4.95948161e-01]
 [6.42949581e-01]
 [6.42949581e-01]
 [6.42949581e-01]
 [9.91029021e-01]
 [9.91029021e-01]
 [9.91029021e-01]
 [9.99990563e-01]
 [9.99990563e-01]
 [9.99990563e-01]
 [9.99991643e-01]
 [9.99991643e-01]
 [9.99991643e-01]
 [1.99776464e-04]
 [4.96230407e-08]
 [4.96230407e-08]
 [4.96230407e-08]
 [1.38606832e-09]
 [1.38606832e-09]
 [1.38606832e-09]
 [3.57216544e-10]
 [3.57216544e-10]
 [3.57216544e-10]
 [1.03002645e-09]
 [1.03002645e-09]
 [1.03002645e-09]
 [1.99776464e-04]
 [1.11678852e-05]
 [1.11678852e-05]
 [1.11678852e-05]
 [7.24806721e-06]
 [7.24806721e-06]
 [7.24806721e-06]
 [2.33333272e-08]
 [2.33333272e-08]
 [2.33333272e-08]
 [4.50116286e-09]
 [4.50116286e-09]
 [4.50116286e-09]
 [1.99776464e-04]
 [1.06533424e-04]
 [1.06533424e-04]
 [1.06533424e-04]
 [1.22719094e-05]
 [1.22719094e-05]
 [1.22719094e-05]
 [1.13723307e-07]
 [1.13723307e-07]
 [1.13723307e-07]
 [4.95948161e-01]
 [2.99927149e-07]
 [2.99927149e-07]
 [2.99927149e-07]
 [1.37312616e-06]
 [2.27593599e-06]
 [2.27593599e-06]
 [1.29003412e-06]
 [1.29003412e-06]
 [1.29003412e-06]
 [4.95948161e-01]
 [9.97954111e-01]
 [9.97954111e-01]
 [9.97954111e-01]
 [9.93633933e-01]
 [9.93633933e-01]
 [9.93633933e-01]
 [9.94590869e-01]
 [9.94590869e-01]
 [9.94590869e-01]
 [4.95948161e-01]
 [9.97035033e-01]
 [9.89652433e-01]
 [9.89652433e-01]
 [9.98589003e-01]
 [9.98589003e-01]
 [9.98589003e-01]
 [9.98285168e-01]
 [9.98285168e-01]
 [9.98285168e-01]
 [1.99776464e-04]
 [6.02758119e-01]
 [6.02758119e-01]
 [6.02758119e-01]
 [9.97553822e-01]
 [9.97553822e-01]
 [9.97553822e-01]
 [9.98480123e-01]
 [9.98480123e-01]
 [9.98480123e-01]
 [1.99776464e-04]
 [6.70272782e-01]
 [6.70272782e-01]
 [6.70272782e-01]
 [9.97106885e-01]
 [9.97106885e-01]
 [9.97106885e-01]
 [9.97536015e-01]
 [9.97536015e-01]
 [9.97536015e-01]
 [1.99776464e-04]
 [6.02758119e-01]
 [6.02758119e-01]
 [6.02758119e-01]
 [9.89876721e-01]
 [9.89876721e-01]
 [9.89876721e-01]
 [9.98515115e-01]
 [9.98515115e-01]
 [9.98515115e-01]
 [9.98551264e-01]
 [9.98551264e-01]
 [9.98551264e-01]
 [6.51494893e-01]
 [5.60271005e-03]
 [5.60271005e-03]
 [5.60271005e-03]
 [3.46874340e-04]
 [3.46874340e-04]
 [3.46874340e-04]
 [1.32651041e-04]
 [1.32651041e-04]
 [1.32651041e-04]
 [4.33446684e-07]
 [4.33446684e-07]
 [4.33446684e-07]
 [1.99776464e-04]
 [9.59867009e-04]
 [9.59867009e-04]
 [9.59867009e-04]
 [4.11072677e-04]
 [4.11072677e-04]
 [4.11072677e-04]
 [1.80591288e-04]
 [1.80591288e-04]
 [1.80591288e-04]
 [1.99776464e-04]
 [6.70272782e-01]
 [1.19978134e-05]
 [1.19978134e-05]
 [2.05800814e-04]
 [2.05800814e-04]
 [2.05800814e-04]
 [3.56335811e-04]
 [3.56335811e-04]
 [3.56335811e-04]
 [1.99776464e-04]
 [9.44896294e-03]
 [9.44896294e-03]
 [9.44896294e-03]
 [3.11084974e-04]
 [3.11084974e-04]
 [3.11084974e-04]
 [3.91571992e-04]
 [3.91571992e-04]
 [3.91571992e-04]
 [4.55410668e-05]
 [4.55410668e-05]
 [4.55410668e-05]
 [4.95948161e-01]
 [6.42949581e-01]
 [6.42949581e-01]
 [6.42949581e-01]
 [4.03631002e-02]
 [4.03631002e-02]
 [4.03631002e-02]
 [9.44495995e-03]
 [9.44495995e-03]
 [9.44495995e-03]
 [1.00127957e-02]
 [9.61247057e-03]
 [9.61247057e-03]
 [4.95948161e-01]
 [2.99927149e-07]
 [2.99927149e-07]
 [2.99927149e-07]
 [9.72227815e-05]
 [9.72227815e-05]
 [9.72227815e-05]
 [2.67005497e-07]
 [2.67005497e-07]
 [2.67005497e-07]
 [4.95948161e-01]
 [4.98877791e-01]
 [4.98877791e-01]
 [4.98877791e-01]
 [1.00646685e-02]
 [1.00646685e-02]
 [1.00646685e-02]
 [3.10558545e-03]
 [3.10558545e-03]
 [3.10558545e-03]
 [2.54046101e-03]
 [2.54046101e-03]
 [2.54046101e-03]
 [6.09358649e-01]
 [6.37691618e-01]
 [6.37691618e-01]
 [6.37691618e-01]
 [1.44010309e-05]
 [1.44010309e-05]
 [1.44010309e-05]
 [9.20310565e-10]
 [9.20310565e-10]
 [9.20310565e-10]
 [3.30929920e-08]
 [3.30929920e-08]
 [3.30929920e-08]
 [6.09358649e-01]
 [8.11657841e-03]
 [2.62967491e-03]
 [2.62967491e-03]
 [1.89033354e-04]
 [1.89033354e-04]
 [1.89033354e-04]
 [1.92414691e-04]
 [1.92414691e-04]
 [1.92414691e-04]
 [6.09358649e-01]
 [9.95051192e-01]
 [9.95051192e-01]
 [9.95051192e-01]
 [9.98530866e-01]
 [9.98530866e-01]
 [9.98530866e-01]
 [9.98500945e-01]
 [9.98500945e-01]
 [9.98500945e-01]
 [6.09358649e-01]
 [9.88851050e-01]
 [9.88851050e-01]
 [9.88851050e-01]
 [9.95132960e-01]
 [9.95132960e-01]
 [9.95132960e-01]
 [9.98978618e-01]
 [9.98978618e-01]
 [9.98978618e-01]
 [6.09358649e-01]
 [6.37691618e-01]
 [6.37691618e-01]
 [6.37691618e-01]
 [9.93013039e-01]
 [9.93013039e-01]
 [9.93013039e-01]
 [9.97940001e-01]
 [9.97940001e-01]
 [9.97940001e-01]
 [9.97603383e-01]
 [9.97603383e-01]
 [9.97603383e-01]
 [4.95948161e-01]
 [9.92636972e-01]
 [9.92636972e-01]
 [9.92636972e-01]
 [9.99195425e-01]
 [9.99195425e-01]
 [9.99195425e-01]
 [9.98224255e-01]
 [9.98224255e-01]
 [9.98224255e-01]
 [4.95948161e-01]
 [8.30874835e-01]
 [8.30874835e-01]
 [8.30874835e-01]
 [9.98508012e-01]
 [9.98508012e-01]
 [9.98508012e-01]
 [9.98542562e-01]
 [9.98542562e-01]
 [9.98542562e-01]
 [9.98537274e-01]
 [9.98537274e-01]
 [9.98537274e-01]
 [4.95948161e-01]
 [9.95603574e-01]
 [9.95603574e-01]
 [9.95603574e-01]
 [9.99658002e-01]
 [9.99658002e-01]
 [9.99658002e-01]
 [9.99191879e-01]
 [9.99191879e-01]
 [9.99191879e-01]
 [1.99776464e-04]
 [9.95306220e-01]
 [9.95306220e-01]
 [9.95306220e-01]
 [9.99920488e-01]
 [9.99920488e-01]
 [9.99920488e-01]
 [9.99989143e-01]
 [9.99989143e-01]
 [9.99989143e-01]
 [1.99776464e-04]
 [9.99982427e-01]
 [9.99982427e-01]
 [9.99982427e-01]
 [9.99992003e-01]
 [9.99992003e-01]
 [9.99992003e-01]
 [9.99992049e-01]
 [9.99992049e-01]
 [9.99992049e-01]
 [9.99987105e-01]
 [9.99987105e-01]
 [9.99987105e-01]
 [1.99776464e-04]
 [9.99748014e-01]
 [9.99748014e-01]
 [9.99748014e-01]
 [9.99989943e-01]
 [9.99989943e-01]
 [9.99989943e-01]
 [9.99977072e-01]
 [9.99977072e-01]
 [9.99977072e-01]
 [6.51494893e-01]
 [9.99393075e-01]
 [9.99393075e-01]
 [9.99393075e-01]
 [9.99966545e-01]
 [9.99966545e-01]
 [9.99966545e-01]
 [9.99987979e-01]
 [9.99987979e-01]
 [9.99987979e-01]
 [6.51494893e-01]
 [9.99986327e-01]
 [9.99986327e-01]
 [9.99986327e-01]
 [9.98528212e-01]
 [9.98528212e-01]
 [9.98528212e-01]
 [9.98540250e-01]
 [9.98540250e-01]
 [9.98540250e-01]
 [9.98607525e-01]
 [9.97361401e-01]
 [9.97361401e-01]
 [6.51494893e-01]
 [9.88033720e-01]
 [9.88033720e-01]
 [9.88033720e-01]
 [9.90491819e-01]
 [9.90491819e-01]
 [9.90491819e-01]
 [9.94145073e-01]
 [9.94145073e-01]
 [9.94145073e-01]
 [3.23508422e-11]
 [1.65299718e-09]
 [1.65299718e-09]
 [1.65299718e-09]
 [1.36412473e-06]
 [1.36412473e-06]
 [1.36412473e-06]
 [5.88383304e-06]
 [5.88383304e-06]
 [5.88383304e-06]
 [6.51494893e-01]
 [2.01691767e-02]
 [2.01691767e-02]
 [2.01691767e-02]
 [2.50778314e-06]
 [2.50778314e-06]
 [2.50778314e-06]
 [3.57323690e-06]
 [3.57323690e-06]
 [3.57323690e-06]
 [6.51494893e-01]
 [1.75731929e-02]
 [1.75731929e-02]
 [1.75731929e-02]
 [7.98524428e-03]
 [7.98524428e-03]
 [7.98524428e-03]
 [1.73469796e-09]
 [1.73469796e-09]
 [1.73469796e-09]
 [1.35223385e-10]
 [1.35223385e-10]
 [1.35223385e-10]
 [6.51494893e-01]
 [7.66000750e-04]
 [7.66000750e-04]
 [7.66000750e-04]
 [1.99996496e-08]
 [1.99996496e-08]
 [1.99996496e-08]
 [2.44532939e-09]
 [2.44532939e-09]
 [2.44532939e-09]
 [1.99776464e-04]
 [6.02758119e-01]
 [6.02758119e-01]
 [6.02758119e-01]
 [6.17445425e-03]
 [6.17445425e-03]
 [6.17445425e-03]
 [3.39890886e-05]
 [3.39890886e-05]
 [3.39890886e-05]
 [1.99776464e-04]
 [6.02758119e-01]
 [6.02758119e-01]
 [6.02758119e-01]
 [1.19114802e-02]
 [1.19114802e-02]
 [1.19114802e-02]
 [4.05610497e-03]
 [4.05610497e-03]
 [4.05610497e-03]
 [5.04547799e-03]
 [5.04547799e-03]
 [5.04547799e-03]
 [1.99776464e-04]
 [4.96230407e-08]
 [4.96230407e-08]
 [4.96230407e-08]
 [2.73237757e-06]
 [2.73237757e-06]
 [2.73237757e-06]
 [5.64145846e-06]
 [5.64145846e-06]
 [5.64145846e-06]
 [2.62824942e-06]
 [2.62824942e-06]
 [2.62824942e-06]
 [4.95948161e-01]
 [8.30874835e-01]
 [1.19335206e-02]
 [1.19335206e-02]
 [2.21383378e-03]
 [2.21383378e-03]
 [2.21383378e-03]
 [7.78479818e-04]
 [7.78479818e-04]
 [7.78479818e-04]
 [4.95948161e-01]
 [9.84201723e-01]
 [9.84201723e-01]
 [9.84201723e-01]
 [9.98220273e-01]
 [9.98220273e-01]
 [9.98220273e-01]
 [9.98529875e-01]
 [9.98529875e-01]
 [9.98529875e-01]
 [9.98553922e-01]
 [9.98553922e-01]
 [9.98553922e-01]
 [4.95948161e-01]
 [5.14292166e-02]
 [5.14292166e-02]
 [5.14292166e-02]
 [4.64796429e-02]
 [4.64796429e-02]
 [4.64796429e-02]
 [2.27793739e-02]
 [2.27793739e-02]
 [2.27793739e-02]
 [4.95948161e-01]
 [6.72781619e-03]
 [6.72781619e-03]
 [6.72781619e-03]
 [2.07727348e-04]
 [2.07727348e-04]
 [2.07727348e-04]
 [8.11750121e-03]
 [8.11750121e-03]
 [8.11750121e-03]
 [2.17051895e-03]
 [2.17051895e-03]
 [2.17051895e-03]
 [4.95948161e-01]
 [5.09871164e-04]
 [5.09871164e-04]
 [5.09871164e-04]
 [1.40873629e-04]
 [1.40873629e-04]
 [1.40873629e-04]
 [1.41294730e-04]
 [1.41294730e-04]
 [1.41294730e-04]
 [6.09358649e-01]
 [9.95051192e-01]
 [9.95051192e-01]
 [9.95051192e-01]
 [9.97395328e-01]
 [9.98660865e-01]
 [9.98660865e-01]
 [9.98541922e-01]
 [9.98541922e-01]
 [9.98541922e-01]
 [4.95948161e-01]
 [4.98877791e-01]
 [4.98877791e-01]
 [4.98877791e-01]
 [9.98428478e-01]
 [9.98428478e-01]
 [9.98428478e-01]
 [9.98491416e-01]
 [9.98491416e-01]
 [9.98491416e-01]
 [4.95948161e-01]
 [2.02908961e-03]
 [2.02908961e-03]
 [2.02908961e-03]
 [1.39713845e-04]
 [1.39713845e-04]
 [1.39713845e-04]
 [1.31194612e-04]
 [1.31194612e-04]
 [1.31194612e-04]
 [5.88788496e-06]
 [5.88788496e-06]
 [5.88788496e-06]
 [4.95948161e-01]
 [1.14747050e-02]
 [1.14747050e-02]
 [1.14747050e-02]
 [3.88828862e-05]
 [3.88828862e-05]
 [3.88828862e-05]
 [1.55357645e-05]
 [1.55357645e-05]
 [1.55357645e-05]
 [6.09358649e-01]
 [8.76135827e-03]
 [8.76135827e-03]
 [8.76135827e-03]
 [1.26132379e-03]
 [1.26132379e-03]
 [1.26132379e-03]
 [1.04261910e-03]
 [1.04261910e-03]
 [1.04261910e-03]
 [6.09358649e-01]
 [9.88294046e-01]
 [9.88294046e-01]
 [9.88294046e-01]
 [9.94806444e-01]
 [9.94806444e-01]
 [9.94806444e-01]
 [9.94323310e-01]
 [9.94323310e-01]
 [9.94323310e-01]
 [9.93790621e-01]
 [9.87484897e-01]
 [9.87484897e-01]
 [6.09358649e-01]
 [9.98554574e-01]
 [9.98554574e-01]
 [9.98554574e-01]
 [9.99978473e-01]
 [9.99978473e-01]
 [9.99978473e-01]
 [9.99991293e-01]
 [9.99991293e-01]
 [9.99991293e-01]
 [4.95948161e-01]
 [9.91297517e-01]
 [9.91297517e-01]
 [9.91297517e-01]
 [9.98665209e-01]
 [9.98665209e-01]
 [9.98665209e-01]
 [9.98532017e-01]
 [9.98532017e-01]
 [9.98532017e-01]
 [9.98552636e-01]
 [9.98552636e-01]
 [9.98552636e-01]
 [4.95948161e-01]
 [9.92636972e-01]
 [9.92636972e-01]
 [9.92636972e-01]
 [9.98191316e-01]
 [9.98191316e-01]
 [9.98191316e-01]
 [9.98960716e-01]
 [9.98960716e-01]
 [9.98960716e-01]
 [4.95948161e-01]
 [2.63647208e-07]
 [2.63647208e-07]
 [2.63647208e-07]
 [3.37119922e-04]
 [3.37119922e-04]
 [3.37119922e-04]
 [5.03607481e-04]
 [5.03607481e-04]
 [5.03607481e-04]
 [7.81528109e-04]
 [7.81528109e-04]
 [7.81528109e-04]
 [4.95948161e-01]
 [9.90279057e-01]
 [9.90279057e-01]
 [9.90279057e-01]
 [9.98770100e-01]
 [9.98770100e-01]
 [9.98770100e-01]
 [9.99024226e-01]
 [9.99024226e-01]
 [9.99024226e-01]
 [4.95948161e-01]
 [9.98699327e-01]
 [9.98699327e-01]
 [9.98699327e-01]
 [9.98559943e-01]
 [9.98559943e-01]
 [9.98559943e-01]
 [9.98536435e-01]
 [9.98536435e-01]
 [9.98536435e-01]
 [9.98429219e-01]
 [9.98429219e-01]
 [9.98429219e-01]
 [1.99776464e-04]
 [9.99954979e-01]
 [9.99954979e-01]
 [9.99954979e-01]
 [9.99959433e-01]
 [9.99959433e-01]
 [9.99959433e-01]
 [9.99950749e-01]
 [9.99950749e-01]
 [9.99950749e-01]
 [1.99776464e-04]
 [6.70272782e-01]
 [6.70272782e-01]
 [6.70272782e-01]
 [2.06900285e-02]
 [2.06900285e-02]
 [2.06900285e-02]
 [1.91104604e-02]
 [1.91104604e-02]
 [1.91104604e-02]
 [1.94541557e-02]
 [1.94541557e-02]
 [1.94541557e-02]
 [1.99776464e-04]
 [4.93163395e-09]
 [4.93163395e-09]
 [4.93163395e-09]
 [8.79613845e-14]
 [8.79613845e-14]
 [8.79613845e-14]
 [3.72220806e-08]
 [3.72220806e-08]
 [3.72220806e-08]
 [1.12542173e-06]
 [1.12542173e-06]
 [1.12542173e-06]
 [4.95948161e-01]
 [3.34437614e-08]
 [3.34437614e-08]
 [3.34437614e-08]
 [8.46927989e-05]
 [8.46927989e-05]
 [8.46927989e-05]
 [1.39191381e-09]
 [1.39191381e-09]
 [1.39191381e-09]
 [1.39755717e-08]
 [1.39755717e-08]
 [1.39755717e-08]
 [4.95948161e-01]
 [1.79555113e-04]
 [1.79555113e-04]
 [1.79555113e-04]
 [3.33682197e-03]
 [3.33682197e-03]
 [3.33682197e-03]
 [5.78427801e-05]
 [5.78427801e-05]
 [5.78427801e-05]
 [4.95948161e-01]
 [5.09871164e-04]
 [5.09871164e-04]
 [5.09871164e-04]
 [9.64864949e-03]
 [9.64864949e-03]
 [9.64864949e-03]
 [1.49073454e-03]
 [1.49073454e-03]
 [1.49073454e-03]
 [6.09358649e-01]
 [1.90259889e-03]
 [1.90259889e-03]
 [1.90259889e-03]
 [2.13591261e-04]
 [2.13591261e-04]
 [2.13591261e-04]
 [8.27205071e-05]
 [8.27205071e-05]
 [8.27205071e-05]
 [6.09358649e-01]
 [7.86182286e-09]
 [7.86182286e-09]
 [7.86182286e-09]
 [8.89052564e-08]
 [8.89052564e-08]
 [8.89052564e-08]
 [1.90209446e-10]
 [1.90209446e-10]
 [1.90209446e-10]
 [6.40875967e-09]
 [6.40875967e-09]
 [6.40875967e-09]
 [6.09358649e-01]
 [1.78012687e-05]
 [1.78012687e-05]
 [1.78012687e-05]
 [7.70130081e-05]
 [7.70130081e-05]
 [7.70130081e-05]
 [1.95034236e-04]
 [1.95034236e-04]
 [1.95034236e-04]
 [9.93116320e-01]
 [9.97861168e-01]
 [9.97861168e-01]
 [9.97861168e-01]
 [9.97686515e-01]
 [9.97686515e-01]
 [9.97686515e-01]
 [9.98495826e-01]
 [9.98495826e-01]
 [9.98495826e-01]
 [9.98173975e-01]
 [9.98173975e-01]
 [9.98173975e-01]
 [6.09358649e-01]
 [9.45257166e-01]
 [9.45257166e-01]
 [9.45257166e-01]
 [9.66100660e-01]
 [9.66100660e-01]
 [9.66100660e-01]
 [9.67297457e-01]
 [9.67297457e-01]
 [9.67297457e-01]]

layer 1
[[0.60584752 0.47073034 0.53895072 ... 0.63937145 0.27253587 0.70941474]
 [0.9700495  0.10306287 0.11365709 ... 0.64407676 0.50052846 0.24999577]
 [0.9700495  0.10306287 0.11365709 ... 0.64407676 0.50052846 0.24999577]
 ...
 [0.25527787 0.16811111 0.35965066 ... 0.91115567 0.48989347 0.10765961]
 [0.25527787 0.16811111 0.35965066 ... 0.91115567 0.48989347 0.10765961]
 [0.25527787 0.16811111 0.35965066 ... 0.91115567 0.48989347 0.10765961]]
layer 2
[[1.07703189e-11]
 [1.10912669e-08]
 [1.10912669e-08]
 [1.10912669e-08]
 [3.57295733e-07]
 [3.57295733e-07]
 [3.57295733e-07]
 [1.07703189e-11]
 [1.36403408e-09]
 [1.36403408e-09]
 [1.36403408e-09]
 [8.28195494e-12]
 [8.28195494e-12]
 [8.28195494e-12]
 [8.51871406e-11]
 [8.51871406e-11]
 [8.51871406e-11]
 [8.84943409e-10]
 [8.84943409e-10]
 [8.84943409e-10]
 [3.51656455e-09]
 [1.30516172e-08]
 [1.30516172e-08]
 [1.30516172e-08]
 [4.47663480e-11]
 [4.47663480e-11]
 [4.47663480e-11]
 [3.68180703e-10]
 [3.68180703e-10]
 [3.68180703e-10]
 [9.70176604e-11]
 [9.70176604e-11]
 [9.70176604e-11]
 [3.51656455e-09]
 [6.46362454e-06]
 [6.46362454e-06]
 [6.46362454e-06]
 [1.73322646e-07]
 [1.73322646e-07]
 [1.73322646e-07]
 [5.04608793e-06]
 [5.04608793e-06]
 [5.04608793e-06]
 [2.49740092e-06]
 [2.49740092e-06]
 [2.49740092e-06]
 [3.51656455e-09]
 [6.40380005e-11]
 [6.40380005e-11]
 [6.40380005e-11]
 [3.14422189e-11]
 [3.14422189e-11]
 [3.14422189e-11]
 [7.33547182e-13]
 [7.33547182e-13]
 [7.33547182e-13]
 [1.07703189e-11]
 [1.37695264e-12]
 [1.37695264e-12]
 [1.37695264e-12]
 [7.75626030e-12]
 [3.21484146e-11]
 [3.21484146e-11]
 [1.76448555e-10]
 [1.76448555e-10]
 [1.76448555e-10]
 [1.07703189e-11]
 [8.91897705e-11]
 [8.91897705e-11]
 [8.91897705e-11]
 [6.11880589e-10]
 [6.11880589e-10]
 [6.11880589e-10]
 [3.14745360e-10]
 [3.14745360e-10]
 [3.14745360e-10]
 [1.07703189e-11]
 [2.72388560e-11]
 [1.07848763e-11]
 [1.07848763e-11]
 [9.19037538e-11]
 [9.19037538e-11]
 [9.19037538e-11]
 [6.89156389e-13]
 [6.89156389e-13]
 [6.89156389e-13]
 [3.51656455e-09]
 [4.98981941e-09]
 [4.98981941e-09]
 [4.98981941e-09]
 [3.35559694e-10]
 [3.35559694e-10]
 [3.35559694e-10]
 [2.09437364e-10]
 [2.09437364e-10]
 [2.09437364e-10]
 [3.51656455e-09]
 [1.52321933e-09]
 [1.52321933e-09]
 [1.52321933e-09]
 [7.50607757e-10]
 [7.50607757e-10]
 [7.50607757e-10]
 [9.73705147e-11]
 [9.73705147e-11]
 [9.73705147e-11]
 [3.51656455e-09]
 [4.98981941e-09]
 [4.98981941e-09]
 [4.98981941e-09]
 [1.21362552e-10]
 [1.21362552e-10]
 [1.21362552e-10]
 [6.94698455e-10]
 [6.94698455e-10]
 [6.94698455e-10]
 [1.54677880e-06]
 [1.54677880e-06]
 [1.54677880e-06]
 [3.76964509e-08]
 [4.67569081e-07]
 [4.67569081e-07]
 [4.67569081e-07]
 [4.89059574e-09]
 [4.89059574e-09]
 [4.89059574e-09]
 [2.06230372e-07]
 [2.06230372e-07]
 [2.06230372e-07]
 [1.18561791e-06]
 [1.18561791e-06]
 [1.18561791e-06]
 [3.51656455e-09]
 [7.02242140e-09]
 [7.02242140e-09]
 [7.02242140e-09]
 [4.88069267e-09]
 [4.88069267e-09]
 [4.88069267e-09]
 [1.18161674e-11]
 [1.18161674e-11]
 [1.18161674e-11]
 [3.51656455e-09]
 [1.52321933e-09]
 [1.83882663e-10]
 [1.83882663e-10]
 [8.72112417e-09]
 [8.72112417e-09]
 [8.72112417e-09]
 [8.08175383e-08]
 [8.08175383e-08]
 [8.08175383e-08]
 [3.51656455e-09]
 [1.31933039e-10]
 [1.31933039e-10]
 [1.31933039e-10]
 [1.05868208e-11]
 [1.05868208e-11]
 [1.05868208e-11]
 [2.37216848e-10]
 [2.37216848e-10]
 [2.37216848e-10]
 [1.71702752e-10]
 [1.71702752e-10]
 [1.71702752e-10]
 [1.07703189e-11]
 [1.36403408e-09]
 [1.36403408e-09]
 [1.36403408e-09]
 [2.40847094e-08]
 [2.40847094e-08]
 [2.40847094e-08]
 [1.80939564e-07]
 [1.80939564e-07]
 [1.80939564e-07]
 [1.47552104e-07]
 [3.04500329e-07]
 [3.04500329e-07]
 [1.07703189e-11]
 [1.37695264e-12]
 [1.37695264e-12]
 [1.37695264e-12]
 [2.15011460e-12]
 [2.15011460e-12]
 [2.15011460e-12]
 [1.22838284e-13]
 [1.22838284e-13]
 [1.22838284e-13]
 [1.07703189e-11]
 [1.15056029e-09]
 [1.15056029e-09]
 [1.15056029e-09]
 [1.88320862e-11]
 [1.88320862e-11]
 [1.88320862e-11]
 [6.58956796e-09]
 [6.58956796e-09]
 [6.58956796e-09]
 [5.33600562e-07]
 [5.33600562e-07]
 [5.33600562e-07]
 [3.86763781e-09]
 [1.05840305e-07]
 [1.05840305e-07]
 [1.05840305e-07]
 [6.81898153e-07]
 [6.81898153e-07]
 [6.81898153e-07]
 [2.68662340e-06]
 [2.68662340e-06]
 [2.68662340e-06]
 [5.19087361e-06]
 [5.19087361e-06]
 [5.19087361e-06]
 [3.86763781e-09]
 [9.15603970e-13]
 [2.25226896e-10]
 [2.25226896e-10]
 [4.69309069e-11]
 [4.69309069e-11]
 [4.69309069e-11]
 [2.30572362e-13]
 [2.30572362e-13]
 [2.30572362e-13]
 [3.86763781e-09]
 [1.51904904e-09]
 [1.51904904e-09]
 [1.51904904e-09]
 [1.62131445e-08]
 [1.62131445e-08]
 [1.62131445e-08]
 [1.36276129e-08]
 [1.36276129e-08]
 [1.36276129e-08]
 [3.86763781e-09]
 [5.03568165e-11]
 [5.03568165e-11]
 [5.03568165e-11]
 [6.93446289e-11]
 [6.93446289e-11]
 [6.93446289e-11]
 [5.27764729e-10]
 [5.27764729e-10]
 [5.27764729e-10]
 [3.86763781e-09]
 [1.05840305e-07]
 [1.05840305e-07]
 [1.05840305e-07]
 [8.58348168e-07]
 [8.58348168e-07]
 [8.58348168e-07]
 [6.00601895e-06]
 [6.00601895e-06]
 [6.00601895e-06]
 [2.62955885e-06]
 [2.62955885e-06]
 [2.62955885e-06]
 [1.07703189e-11]
 [4.95999728e-11]
 [4.95999728e-11]
 [4.95999728e-11]
 [1.48790559e-10]
 [1.48790559e-10]
 [1.48790559e-10]
 [2.43683251e-09]
 [2.43683251e-09]
 [2.43683251e-09]
 [1.07703189e-11]
 [2.60919397e-11]
 [2.60919397e-11]
 [2.60919397e-11]
 [1.67320341e-09]
 [1.67320341e-09]
 [1.67320341e-09]
 [4.48065875e-08]
 [4.48065875e-08]
 [4.48065875e-08]
 [4.14435527e-09]
 [4.14435527e-09]
 [4.14435527e-09]
 [1.07703189e-11]
 [1.00017091e-13]
 [1.00017091e-13]
 [1.00017091e-13]
 [9.68429904e-12]
 [9.68429904e-12]
 [9.68429904e-12]
 [3.81934817e-11]
 [3.81934817e-11]
 [3.81934817e-11]
 [3.51656455e-09]
 [2.53345699e-09]
 [2.53345699e-09]
 [2.53345699e-09]
 [1.34306252e-09]
 [1.34306252e-09]
 [1.34306252e-09]
 [9.70709331e-09]
 [9.70709331e-09]
 [9.70709331e-09]
 [3.51656455e-09]
 [2.24354188e-09]
 [2.24354188e-09]
 [2.24354188e-09]
 [1.96521930e-09]
 [1.96521930e-09]
 [1.96521930e-09]
 [2.11142782e-08]
 [2.11142782e-08]
 [2.11142782e-08]
 [1.08607866e-07]
 [1.08607866e-07]
 [1.08607866e-07]
 [3.51656455e-09]
 [5.70260620e-12]
 [5.70260620e-12]
 [5.70260620e-12]
 [8.05041096e-10]
 [8.05041096e-10]
 [8.05041096e-10]
 [1.56382306e-08]
 [1.56382306e-08]
 [1.56382306e-08]
 [3.76964509e-08]
 [2.27617417e-08]
 [2.27617417e-08]
 [2.27617417e-08]
 [2.12495652e-09]
 [2.12495652e-09]
 [2.12495652e-09]
 [3.80607965e-10]
 [3.80607965e-10]
 [3.80607965e-10]
 [3.76964509e-08]
 [9.02287682e-06]
 [9.02287682e-06]
 [9.02287682e-06]
 [1.80381397e-07]
 [1.80381397e-07]
 [1.80381397e-07]
 [1.20487834e-07]
 [1.20487834e-07]
 [1.20487834e-07]
 [1.72259017e-07]
 [8.25885031e-09]
 [8.25885031e-09]
 [3.76964509e-08]
 [5.44508877e-08]
 [5.44508877e-08]
 [5.44508877e-08]
 [4.99228456e-07]
 [4.99228456e-07]
 [4.99228456e-07]
 [3.99807301e-06]
 [3.99807301e-06]
 [3.99807301e-06]
 [3.71258575e-12]
 [3.86900908e-14]
 [3.86900908e-14]
 [3.86900908e-14]
 [1.20531974e-11]
 [1.20531974e-11]
 [1.20531974e-11]
 [2.53302196e-08]
 [2.53302196e-08]
 [2.53302196e-08]
 [3.76964509e-08]
 [6.26242831e-09]
 [6.26242831e-09]
 [6.26242831e-09]
 [7.67334893e-08]
 [7.67334893e-08]
 [7.67334893e-08]
 [6.32988741e-07]
 [6.32988741e-07]
 [6.32988741e-07]
 [3.76964509e-08]
 [4.50159201e-09]
 [4.50159201e-09]
 [4.50159201e-09]
 [7.00344558e-10]
 [7.00344558e-10]
 [7.00344558e-10]
 [2.80283300e-11]
 [2.80283300e-11]
 [2.80283300e-11]
 [8.35013333e-13]
 [8.35013333e-13]
 [8.35013333e-13]
 [3.76964509e-08]
 [6.43438047e-11]
 [6.43438047e-11]
 [6.43438047e-11]
 [4.57673179e-08]
 [4.57673179e-08]
 [4.57673179e-08]
 [1.29314413e-08]
 [1.29314413e-08]
 [1.29314413e-08]
 [3.51656455e-09]
 [4.98981941e-09]
 [4.98981941e-09]
 [4.98981941e-09]
 [3.06371679e-08]
 [3.06371679e-08]
 [3.06371679e-08]
 [3.42671975e-11]
 [3.42671975e-11]
 [3.42671975e-11]
 [3.51656455e-09]
 [4.98981941e-09]
 [4.98981941e-09]
 [4.98981941e-09]
 [5.29587006e-10]
 [5.29587006e-10]
 [5.29587006e-10]
 [9.37362055e-12]
 [9.37362055e-12]
 [9.37362055e-12]
 [1.31670275e-08]
 [1.31670275e-08]
 [1.31670275e-08]
 [3.51656455e-09]
 [1.30516172e-08]
 [1.30516172e-08]
 [1.30516172e-08]
 [4.51939817e-10]
 [4.51939817e-10]
 [4.51939817e-10]
 [1.10228294e-09]
 [1.10228294e-09]
 [1.10228294e-09]
 [9.10715225e-10]
 [9.10715225e-10]
 [9.10715225e-10]
 [1.07703189e-11]
 [2.60919397e-11]
 [1.84260138e-12]
 [1.84260138e-12]
 [3.52741769e-13]
 [3.52741769e-13]
 [3.52741769e-13]
 [2.31595648e-11]
 [2.31595648e-11]
 [2.31595648e-11]
 [1.07703189e-11]
 [1.58397414e-11]
 [1.58397414e-11]
 [1.58397414e-11]
 [1.39229138e-09]
 [1.39229138e-09]
 [1.39229138e-09]
 [1.69802293e-08]
 [1.69802293e-08]
 [1.69802293e-08]
 [1.72840538e-07]
 [1.72840538e-07]
 [1.72840538e-07]
 [1.07703189e-11]
 [1.46926829e-09]
 [1.46926829e-09]
 [1.46926829e-09]
 [3.84304139e-09]
 [3.84304139e-09]
 [3.84304139e-09]
 [1.85724394e-09]
 [1.85724394e-09]
 [1.85724394e-09]
 [1.07703189e-11]
 [1.08069198e-11]
 [1.08069198e-11]
 [1.08069198e-11]
 [6.35715104e-11]
 [6.35715104e-11]
 [6.35715104e-11]
 [1.79450584e-11]
 [1.79450584e-11]
 [1.79450584e-11]
 [1.97164039e-10]
 [1.97164039e-10]
 [1.97164039e-10]
 [1.07703189e-11]
 [5.21718391e-09]
 [5.21718391e-09]
 [5.21718391e-09]
 [4.69056819e-08]
 [4.69056819e-08]
 [4.69056819e-08]
 [9.17308891e-07]
 [9.17308891e-07]
 [9.17308891e-07]
 [3.86763781e-09]
 [1.51904904e-09]
 [1.51904904e-09]
 [1.51904904e-09]
 [7.53000032e-09]
 [2.98487306e-08]
 [2.98487306e-08]
 [3.41221321e-08]
 [3.41221321e-08]
 [3.41221321e-08]
 [1.07703189e-11]
 [1.15056029e-09]
 [1.15056029e-09]
 [1.15056029e-09]
 [2.29474311e-09]
 [2.29474311e-09]
 [2.29474311e-09]
 [5.56659145e-07]
 [5.56659145e-07]
 [5.56659145e-07]
 [1.07703189e-11]
 [1.13535933e-06]
 [1.13535933e-06]
 [1.13535933e-06]
 [1.62953190e-06]
 [1.62953190e-06]
 [1.62953190e-06]
 [1.11463144e-06]
 [1.11463144e-06]
 [1.11463144e-06]
 [7.01046632e-06]
 [7.01046632e-06]
 [7.01046632e-06]
 [1.07703189e-11]
 [8.24568002e-13]
 [8.24568002e-13]
 [8.24568002e-13]
 [3.43768895e-13]
 [3.43768895e-13]
 [3.43768895e-13]
 [9.02950568e-11]
 [9.02950568e-11]
 [9.02950568e-11]
 [3.86763781e-09]
 [9.17149998e-09]
 [9.17149998e-09]
 [9.17149998e-09]
 [1.23497049e-09]
 [1.23497049e-09]
 [1.23497049e-09]
 [8.19016449e-08]
 [8.19016449e-08]
 [8.19016449e-08]
 [3.86763781e-09]
 [1.88396386e-11]
 [1.88396386e-11]
 [1.88396386e-11]
 [2.13379843e-12]
 [2.13379843e-12]
 [2.13379843e-12]
 [2.62115740e-10]
 [2.62115740e-10]
 [2.62115740e-10]
 [1.01866224e-08]
 [1.06654926e-08]
 [1.06654926e-08]
 [3.86763781e-09]
 [4.73086440e-10]
 [4.73086440e-10]
 [4.73086440e-10]
 [1.86898259e-08]
 [1.86898259e-08]
 [1.86898259e-08]
 [2.66121855e-09]
 [2.66121855e-09]
 [2.66121855e-09]
 [1.07703189e-11]
 [1.96080574e-14]
 [1.96080574e-14]
 [1.96080574e-14]
 [6.79015072e-12]
 [6.79015072e-12]
 [6.79015072e-12]
 [7.84931642e-12]
 [7.84931642e-12]
 [7.84931642e-12]
 [3.41250167e-10]
 [3.41250167e-10]
 [3.41250167e-10]
 [1.07703189e-11]
 [4.95999728e-11]
 [4.95999728e-11]
 [4.95999728e-11]
 [6.17564073e-10]
 [6.17564073e-10]
 [6.17564073e-10]
 [2.70894029e-10]
 [2.70894029e-10]
 [2.70894029e-10]
 [1.07703189e-11]
 [5.31756981e-10]
 [5.31756981e-10]
 [5.31756981e-10]
 [4.21383446e-10]
 [4.21383446e-10]
 [4.21383446e-10]
 [5.75816475e-09]
 [5.75816475e-09]
 [5.75816475e-09]
 [9.32533365e-08]
 [9.32533365e-08]
 [9.32533365e-08]
 [1.07703189e-11]
 [1.01620732e-12]
 [1.01620732e-12]
 [1.01620732e-12]
 [2.55413861e-12]
 [2.55413861e-12]
 [2.55413861e-12]
 [1.88084106e-11]
 [1.88084106e-11]
 [1.88084106e-11]
 [1.07703189e-11]
 [1.10912669e-08]
 [1.10912669e-08]
 [1.10912669e-08]
 [3.57295733e-07]
 [3.57295733e-07]
 [3.57295733e-07]
 [4.88815009e-08]
 [4.88815009e-08]
 [4.88815009e-08]
 [3.19384317e-08]
 [3.19384317e-08]
 [3.19384317e-08]
 [3.51656455e-09]
 [1.41054999e-08]
 [1.41054999e-08]
 [1.41054999e-08]
 [3.92229014e-08]
 [3.92229014e-08]
 [3.92229014e-08]
 [1.18847209e-07]
 [1.18847209e-07]
 [1.18847209e-07]
 [3.51656455e-09]
 [1.52321933e-09]
 [1.52321933e-09]
 [1.52321933e-09]
 [9.37724600e-07]
 [9.37724600e-07]
 [9.37724600e-07]
 [2.06526099e-06]
 [2.06526099e-06]
 [2.06526099e-06]
 [1.66904722e-06]
 [1.66904722e-06]
 [1.66904722e-06]
 [3.51656455e-09]
 [2.03150578e-10]
 [2.03150578e-10]
 [2.03150578e-10]
 [2.04593992e-12]
 [2.04593992e-12]
 [2.04593992e-12]
 [1.04033333e-11]
 [1.04033333e-11]
 [1.04033333e-11]
 [2.50460027e-10]
 [2.50460027e-10]
 [2.50460027e-10]
 [1.07703189e-11]
 [2.66798943e-12]
 [2.66798943e-12]
 [2.66798943e-12]
 [4.11259867e-14]
 [4.11259867e-14]
 [4.11259867e-14]
 [7.69773478e-14]
 [7.69773478e-14]
 [7.69773478e-14]
 [3.68424566e-14]
 [3.68424566e-14]
 [3.68424566e-14]
 [1.07703189e-11]
 [2.83691567e-11]
 [2.83691567e-11]
 [2.83691567e-11]
 [7.47991745e-11]
 [7.47991745e-11]
 [7.47991745e-11]
 [2.77977774e-10]
 [2.77977774e-10]
 [2.77977774e-10]
 [1.07703189e-11]
 [5.21718391e-09]
 [5.21718391e-09]
 [5.21718391e-09]
 [1.11960129e-10]
 [1.11960129e-10]
 [1.11960129e-10]
 [4.73365854e-09]
 [4.73365854e-09]
 [4.73365854e-09]
 [3.86763781e-09]
 [4.69451496e-09]
 [4.69451496e-09]
 [4.69451496e-09]
 [6.26666153e-09]
 [6.26666153e-09]
 [6.26666153e-09]
 [7.06467286e-09]
 [7.06467286e-09]
 [7.06467286e-09]
 [3.86763781e-09]
 [5.48212031e-11]
 [5.48212031e-11]
 [5.48212031e-11]
 [1.93559171e-11]
 [1.93559171e-11]
 [1.93559171e-11]
 [4.29052907e-11]
 [4.29052907e-11]
 [4.29052907e-11]
 [4.97478016e-11]
 [4.97478016e-11]
 [4.97478016e-11]
 [3.86763781e-09]
 [7.54865621e-08]
 [7.54865621e-08]
 [7.54865621e-08]
 [1.10705124e-06]
 [1.10705124e-06]
 [1.10705124e-06]
 [2.28483748e-05]
 [2.28483748e-05]
 [2.28483748e-05]
 [2.18672573e-08]
 [5.51848283e-04]
 [5.51848283e-04]
 [5.51848283e-04]
 [1.05492542e-06]
 [1.05492542e-06]
 [1.05492542e-06]
 [4.09823757e-08]
 [4.09823757e-08]
 [4.09823757e-08]
 [4.10514142e-07]
 [4.10514142e-07]
 [4.10514142e-07]
 [3.86763781e-09]
 [1.06253193e-07]
 [1.06253193e-07]
 [1.06253193e-07]
 [1.65162082e-08]
 [1.65162082e-08]
 [1.65162082e-08]
 [1.37075610e-08]
 [1.37075610e-08]
 [1.37075610e-08]]

