-0.165956 0.440649 -0.999771 -0.395335 -0.706488 -0.815323 -0.627480 -0.308879 -0.206465 0.077633
-0.019175 1.384692 -0.600556 0.679225 -1.164355 0.286549 -0.266921 -1.007862 -1.110834 -0.474292
0.914506 2.154516 -0.334133 0.224455 0.562332 0.689211 -0.854057 -2.244606 -0.973504 1.007820
-0.632725 0.045954 0.964258 -0.016850 0.412438 -0.414585 0.450386 0.471777 -0.884980 0.622318
1.418204 0.502636 -1.064181 1.210103 -1.171314 0.560283 1.375380 -0.055119 -0.077172 -0.404699
-0.520785 0.363975 -1.201813 0.162638 -0.394620 -0.228779 0.706424 -0.348890 0.525889 0.734761
-0.795331 -0.171888 0.388800 -0.171641 -0.900093 0.071793 0.327589 0.029778 0.889190 0.173110
0.806804 -0.725051 -0.721447 0.614783 -0.204646 -0.669292 0.855017 -0.304468 0.501624 0.451996
0.850289 0.373426 0.589764 -0.366640 -0.281089 0.271518 0.293253 0.607824 0.735316 0.540605
-0.686831 1.025060 -0.012297 0.092343 -0.004671 -1.046200 1.243830 -0.174497 -0.585826 0.531503
0.609561 -1.220884 1.147999 0.317951 1.487758 0.827887 -0.094070 1.359774 1.357047 1.704087
0.335594 -0.095405 1.191632 0.887389 -0.379283 1.027171 1.481706 1.162913 -1.187178 -0.091966
-0.925597 0.957746 -0.993060 -0.617236 0.538084 0.012741 0.205310 0.500026 -3.337134 -0.491582
0.501285 -1.393791 1.273859 -0.586134 2.206088 -0.097941 1.360789 0.197949 1.022085 0.542468
0.502849 -0.841232 -0.521460 -1.285300 -0.753933 -1.229400 0.236462 -0.194233 0.461839 -0.904107
0.233589 -1.887215 1.674205 -0.356034 1.089828 0.671177 0.656700 1.154230 1.920434 1.734107
-0.520304 -0.012461 0.239911 0.657962 -0.686417 -0.962848 -0.859956 -0.027310 0.212659 0.137703
-0.222840 1.991486 0.150030 -0.316728 -0.117234 0.436283 0.236936 -1.595402 -1.258938 -0.130326
0.572452 0.638340 0.544530 -1.027117 -0.669816 0.509507 -0.637277 -1.043793 -0.263824 1.101151
-0.302825 -0.664339 0.518611 0.461176 0.844316 0.818328 -0.894713 -0.728750 0.312000 1.020062
2.276997 -0.354013 0.842185 1.601215 0.309502 1.513071 1.340048 1.179880 1.707608 2.457157
1.166396 0.459205 -0.641117 0.570741 -0.200355 1.552414 0.174477 1.976725 1.509476 0.649728
-0.647607 -0.335873 -0.738006 0.618981 -0.310527 0.880215 0.164028 0.757664 0.689469 0.810785
-0.080239 0.092694 0.597207 -0.428562 -0.019493 0.198221 -0.968933 0.186963 -0.132647 0.614721
-0.285834 0.911859 0.243594 -0.696416 0.754914 -0.296192 -0.455110 -0.481469 0.766571 1.134417
-1.387547 1.740674 -0.117033 0.810187 0.355329 -1.382144 0.784975 -0.359757 0.154952 0.607776
1.401155 -0.197104 1.656855 1.507552 1.580649 -0.315060 1.731339 1.003067 1.334615 1.125992
2.330267 -0.985681 2.365651 1.751098 2.066030 2.015102 1.533660 1.628494 0.448988 2.064409
1.914164 1.762041 1.342489 0.246639 -0.261689 0.810137 1.000668 0.984042 -0.487772 0.767942
0.367790 -1.791215 1.289514 0.307991 1.290201 -0.427471 0.502427 -0.418520 1.260636 -0.588550
0.865348 0.537626 0.685030 -0.385872 -0.586409 -0.387865 0.359878 -1.132766 0.436453 -0.365792
0.744475 2.939956 -1.329358 -1.679650 -2.127249 -0.758567 0.380127 -1.588685 -0.547505 0.664787
-0.168303 0.233370 -0.532668 -0.796065 0.031714 -0.045718 -0.694657 0.243612 0.088020 0.308275
-0.710909 0.503056 -0.555902 0.038704 0.570592 -0.955339 -0.351275 0.745845 0.689419 0.076881
0.947185 1.101495 0.603440 0.622080 -0.766567 -0.147592 0.571685 -0.131975 0.680631 -0.753984
0.754446 0.665340 -0.529977 -0.572012 0.300553 -0.759606 0.757829 -0.460165 0.646899 1.157817
0.536660 -1.187612 1.438658 0.769657 1.856734 1.149803 1.561064 0.815273 0.560819 0.555302
0.647573 -1.421187 -0.043168 1.177812 -0.031948 0.609681 1.297931 1.108487 0.889852 0.661720
-0.116191 0.163155 0.979503 -0.592188 -0.504534 -0.475654 0.500345 -0.086049 -0.886141 0.017032
-0.576080 0.597208 -0.405337 -0.944788 0.186865 0.687681 -0.237968 0.499717 0.022283 0.081904
1.152007 0.406552 -0.494800 0.585176 0.075753 0.647145 -0.159821 -0.389260 -0.507710 -0.014657
-1.104630 1.555791 1.135716 0.356618 0.675617 -2.723749 1.520342 -1.103896 1.295484 0.565373
-0.363670 -0.419556 0.217296 -0.195273 0.455778 -1.269462 0.020713 0.814936 1.247343 1.407984
1.637609 -2.214315 1.516427 2.057079 1.581364 1.751384 1.143010 1.347999 2.931943 1.112226
1.064537 -2.027842 0.546141 0.240445 1.336259 1.092844 0.391751 1.761183 0.535791 0.446572
-0.624737 0.244992 0.811619 0.979910 0.422245 0.463601 0.818586 -0.198253 -0.500299 -0.653140
-0.909824 0.527066 -0.756917 -0.468279 0.572863 -0.256062 0.849325 -0.429358 -0.023670 -0.432179
0.672807 -0.365042 -0.183317 0.027711 0.812458 -0.815339 0.318248 0.819403 -1.036402 -0.017010
-0.348020 0.718979 0.117033 0.380456 -0.094293 0.256618 -0.419806 -0.981303 0.153512 -0.377112
0.154471 0.967425 -0.109949 -0.580732 -0.230307 0.833564 0.971730 0.578620 0.945718 -0.435878
-0.335467 -0.043103 -0.362389 -0.833087 0.323255 -0.789520 1.179399 -1.175375 0.603800 -0.062330
0.540475 0.685729 -1.085897 -0.739632 0.166133 -0.881474 0.528323 -1.460693 0.296461 1.401212
1.660501 -0.138778 1.069118 1.473685 0.863822 0.533857 -0.109518 -0.431186 0.758983 0.797669
1.955128 -1.611646 1.234296 1.295675 1.565116 2.023676 0.999205 0.766373 -0.178498 0.693744
-0.015856 0.460182 -0.062743 -0.085190 -0.724675 -0.978223 0.516557 -0.360094 0.968767 -0.559532
-0.322584 0.047792 0.509783 -0.072284 -0.750355 -0.374997 0.009038 0.347698 0.540300 -0.739328
-0.644446 -0.107170 1.091177 -0.840419 0.618014 -0.206070 0.591964 0.697146 0.904130 -0.624391
0.194803 1.401814 1.179307 0.302241 0.651074 -1.063811 0.474555 -0.755347 1.101624 0.117368
1.217479 0.478438 0.939296 -0.292342 0.913162 -0.129866 1.165352 -0.742857 -0.894279 0.884826
0.035747 -0.576147 0.715074 0.895209 0.626197 0.993861 -0.917021 1.297284 -1.868400 0.589355
0.177992 -0.702934 -1.010160 0.656927 0.278263 1.774849 -0.096538 1.356839 -0.848197 1.734346
0.113842 0.959223 0.532141 -0.182097 -0.704228 0.784944 -0.458853 -0.856178 0.033787 -0.235590
-0.599972 0.481969 -0.547786 0.152064 0.494823 -0.637687 0.318922 0.265460 0.367028 0.101607
-0.545741 0.374234 0.845304 -0.146445 0.507223 -0.779726 0.566077 -0.586514 -0.290640 -0.448492
-0.839793 0.809262 -0.259692 0.061395 -0.011767 -0.735678 -0.587092 -0.847622 0.015843 -0.476901
-0.165941 -0.649256 0.612205 -0.862356 0.998523 -0.675836 0.242804 -1.020349 0.679537 -0.512467
0.331408 0.780550 -0.641906 0.005707 -0.493645 0.351900 0.827875 -0.840080 0.842580 -0.680365
0.898542 0.903678 -0.344011 0.406385 0.235839 0.548878 -0.118190 -1.450089 0.941434 0.946626
1.072034 0.244959 0.491307 1.045236 0.265045 0.607212 1.025167 0.068311 0.489213 1.147151
-0.401845 0.141286 1.041810 0.052974 0.000860 -0.203425 0.086524 0.982483 0.711526 0.266889
-0.723291 -0.419711 0.227742 -0.351723 -0.085280 -0.111766 0.656271 -0.147304 -0.308602 0.349943
-0.557036 -0.065508 -0.370469 0.253711 0.754721 -0.104622 0.568915 -0.086069 0.312459 -0.736318
0.327510 0.663406 0.323789 0.910549 0.162882 -0.224707 0.989935 -0.649020 0.519745 1.313663
0.497267 -0.766287 0.808710 -0.119722 0.554933 -0.140297 1.201808 0.464040 1.049156 -0.555996
1.275426 -0.313179 0.171126 0.884407 -0.441337 0.708325 0.987031 0.267674 -1.236685 1.029515
1.628985 -1.203503 2.729689 2.334059 2.355106 2.537256 1.195253 2.242170 0.004583 1.874085
0.755619 -0.073594 0.935555 0.756936 1.119862 0.789171 1.525381 1.616224 1.545933 1.452624
0.826872 0.503839 0.675734 -0.325193 0.338893 -0.807555 -0.134880 -0.916173 -0.011302 -0.561156
0.057074 1.062755 -0.239324 0.826823 0.315964 -0.416961 0.936449 -0.022209 -0.324510 0.541718
-0.134123 -0.284978 -0.339446 0.394738 -0.462700 0.616556 -0.409422 0.088243 -0.024157 0.710713
0.776773 -0.631231 0.170697 0.796410 -0.107766 0.843737 -0.442018 0.217662 0.364907 -0.543589
-0.972465 -0.166552 0.876964 -0.313944 0.559489 -0.650527 -0.316094 -0.710805 0.433542 0.398615
0.285015 -0.571669 0.353690 -0.544750 -0.193245 -0.159615 -0.380913 -0.873771 0.207182 0.396633
0.135198 0.218164 -0.691149 -0.700452 -0.014193 0.847206 -0.723622 -0.063403 -0.198246 -0.023421
-0.881883 0.011215 -0.429836 0.637152 0.576897 -1.110361 0.345582 -0.843266 0.149541 -0.304378
0.514398 0.669531 0.313351 -0.802399 -0.082592 0.009506 1.028149 0.155974 -0.566236 0.379982
1.051491 0.196570 0.571420 0.245473 0.746228 0.429218 0.349097 0.627153 -0.512559 1.000127
0.026156 -0.341770 0.560850 -0.738049 0.293629 -0.977039 -0.240377 -1.100182 0.764999 0.354346
-0.083438 -0.567369 0.625502 0.061515 0.621361 -0.190436 0.144956 -0.642761 0.409021 -0.107843
-0.257515 -0.015771 -0.094430 0.308142 1.014313 -0.634718 0.745940 0.284989 0.929726 0.016191
-0.188722 0.387688 -0.411521 0.916216 0.670230 -0.350862 1.257934 -0.461344 0.500295 -0.429307
2.497991 -2.063139 2.349801 2.175347 2.509530 1.817426 1.450703 2.740644 1.769784 1.864917
1.657628 -1.440860 1.118257 2.037082 1.298021 1.722353 1.848372 1.789027 1.360576 1.118899
-0.659990 -0.413882 -0.710293 -0.020996 0.124118 0.936355 -0.574313 0.436899 0.198138 0.720520
-0.712786 -0.833595 -0.201563 0.593925 -0.616649 0.535554 -0.419404 -0.566217 -0.966569 -0.202682
-0.237837 0.318690 -0.858163 -0.694792 -0.966848 -0.772407 0.303579 -0.194686 -0.357947 0.115824
0.986921 0.668973 0.399246 0.836517 -0.920543 -0.859333 -0.051987 -0.301665 0.874504 -0.020870
0.079298 0.790521 -0.106730 0.754069 -0.492837 -0.452381 -0.343277 0.095129 -0.559743 0.342858
-0.645398 -0.236062 0.730328 -0.598623 -0.397789 0.167471 0.109471 -1.481364 0.607414 1.079874
0.694030 0.143341 0.045638 -0.393527 -0.060463 0.973193 -0.318727 -0.295819 -0.488904 0.726557
0.011443 0.992458 0.666024 0.437183 0.104821 -1.003991 -0.437278 -0.719299 -0.398308 0.708026
0.700523 0.073747 0.698186 -0.016064 -0.754418 -1.155934 -0.133395 -0.691629 -0.367907 0.530549
0.915459 0.255977 0.786400 0.986746 0.123793 -0.646468 0.908854 0.418721 1.069048 0.873130
0.063426 -0.167122 0.075022 0.106933 0.959271 -0.537746 0.177805 -0.784843 0.216811 0.665859
-1.068714 0.582057 -0.445224 0.848947 0.908325 -0.073003 1.101478 -0.576660 0.077122 -0.117644
-0.629258 1.209372 0.426886 -0.910642 0.770039 -0.071629 0.398995 0.219811 -0.428793 0.316149
-0.168114 -0.297124 -2.205123 0.654344 0.193214 -0.288803 -0.980796 -0.625257 0.502347 -0.013986
-0.363058 -0.317953 -1.267006 1.149091 1.294492 1.296515 0.100806 1.149054 0.888390 1.130288
1.322261 -1.414024 1.258554 0.345621 0.376231 1.748429 0.654157 0.777289 0.438628 1.409653
0.532241 0.391951 0.013012 0.791674 0.521185 0.310718 -0.191138 0.825961 1.098673 0.396303
-0.614888 0.505852 -0.985362 -0.343488 0.835213 0.176735 0.710381 0.209344 0.645156 0.758967
-0.358027 -0.754090 0.442607 -0.119306 -0.746529 0.179647 -0.927863 -0.599636 0.576602 -0.975806
-0.393309 -0.957248 0.994970 0.164060 -0.413247 0.857899 0.014239 -0.090616 0.175743 -0.471725
-0.389423 -0.256691 -0.511104 0.169095 0.391692 -0.856106 0.942167 0.506141 0.612326 0.503281
-0.739180 0.701285 -0.063745 0.231806 -0.262119 -0.159037 0.596615 -0.295345 0.249836 -0.442726
0.622303 1.299984 0.853115 -0.645602 -0.806236 -0.785466 -0.125546 -0.058688 0.239686 0.775316
0.215153 -0.588315 -0.607322 -0.341267 -0.446442 0.215973 0.679044 0.014734 0.509687 -0.503338
-0.170022 0.136008 -0.440209 -1.037129 0.624658 0.024313 0.140556 0.324032 0.384352 1.049687
0.589382 -0.033354 -0.253964 0.533627 1.330486 0.104318 0.735893 1.224342 -0.181198 0.540436
1.143957 -0.702353 1.128403 -0.171516 1.257097 0.804848 -0.248456 -0.432645 -0.322147 0.883300
0.919081 1.106765 1.585299 0.577058 -0.105251 -0.012878 0.238654 0.915275 -0.718819 1.401209
0.242726 -0.146834 -0.204802 0.165551 -0.270017 0.421217 0.324138 1.055463 1.132621 -0.299157
-1.132262 0.457588 -1.353390 0.542372 -0.093677 -0.314155 -1.056881 0.727001 -1.229388 0.669485
-0.531216 0.083363 -1.144247 1.249158 -0.085818 -0.050401 0.447228 0.666092 0.067723 -0.358741
0.600956 -1.816800 0.110943 1.315461 1.689006 1.204000 0.673806 1.482673 0.718795 0.500088
-0.316906 0.564453 -0.142567 0.189489 -0.285009 0.844753 0.250114 -0.170340 0.439171 -0.457639
-0.763615 0.673996 0.488272 0.181041 -0.514217 0.246494 0.276711 -0.344861 -0.865021 0.761077
-0.080087 0.527745 -0.492223 0.182774 -0.142410 -0.235799 -0.746573 -0.511467 -0.841317 -0.394283
0.483410 0.230031 0.344822 -0.983234 0.356754 0.006361 -0.538183 -0.650207 -0.630034 0.688520
0.965180 0.827479 -0.305261 0.560449 0.092909 0.632885 -0.032546 0.179903 0.574527 -0.799531
0.013718 -0.184340 0.232548 0.877481 -0.246693 -0.709564 0.665203 0.244846 -0.114871 0.437620
-0.252293 -0.644080 -0.074779 -0.371285 -0.596401 0.356040 0.463208 0.152331 0.590676 0.143652
0.401066 0.861120 0.725233 -0.665116 -0.473722 -0.856779 0.957346 -0.527232 0.321197 -0.820739
-0.578458 0.005649 -0.790093 -0.222253 0.075975 -0.321592 0.111800 0.073537 -0.218779 0.392540
0.819025 0.295019 0.270700 0.020361 0.620868 1.104533 0.320266 1.215561 0.071173 0.704136
-0.357625 0.392442 0.218363 -0.438402 -0.039119 0.304456 0.754054 -0.569621 0.307134 0.840980
0.837998 1.062954 -0.209949 0.251650 1.329572 0.940712 0.723639 0.911803 1.062148 1.369099
1.397838 -0.497065 -0.255294 -0.401606 -0.508878 1.392603 -0.419051 0.864191 0.615324 0.383203
0.208479 -0.680426 -0.093645 0.977950 0.448159 -0.671204 -0.117270 -0.048265 -0.759032 0.766757
1.320929 -0.848022 1.238521 0.004241 -0.103904 1.122329 0.981566 0.773013 1.302109 1.185587
0.266965 -0.408121 0.664553 0.110525 0.476258 1.009971 0.574775 0.007988 -0.612017 -0.219480
0.053704 -0.165795 0.601319 0.866405 -0.644271 0.720134 0.914790 0.918941 -0.924275 -0.884833
-0.988405 -0.374638 -0.888603 -0.412275 -0.287967 0.907354 -0.046098 -0.443523 0.006010 0.286716
-0.777509 0.516123 0.703892 0.688500 0.781014 -0.236315 -0.112390 -0.796837 -0.548386 0.942641
-0.430752 0.814792 0.781105 0.845009 -0.687701 0.759444 0.263990 -0.578744 -0.309768 -0.680162
-0.096280 -0.798703 -0.646271 -0.606405 0.405548 0.125695 0.845574 -0.517704 0.262947 -0.873710
0.097425 0.800577 1.014947 -0.991596 -0.456829 -0.582689 -0.799692 -1.030565 0.034091 -0.814467
-0.393340 0.320326 -0.387014 -0.471235 0.195088 -0.247409 0.411351 -0.051690 0.316388 -0.256069
-0.597296 -0.545981 0.898903 0.601107 0.876310 -0.766242 0.884868 0.825882 -0.420186 -0.450989
-0.068521 -0.441817 -0.091055 -0.637929 0.895005 -0.149353 0.946392 0.244259 -0.018643 0.935133
-0.166970 -0.028769 0.393965 -0.030065 -0.750399 0.325810 0.247128 0.749581 -0.355304 -0.129560
-0.261793 -0.018597 0.588291 -0.180896 0.809758 -0.226243 -0.579496 -0.430854 1.055904 0.945304
-0.596767 0.711516 0.379050 0.236528 0.064529 0.262583 -0.664699 -0.740902 -0.306666 -0.880646
0.437663 0.255332 -0.201309 0.558147 -0.597978 -0.645554 -0.334496 -0.699239 -0.733166 0.749685
-0.300439 0.251898 -0.343096 -0.830362 0.147035 0.884393 0.771035 -0.101842 -0.774559 0.602511
1.269865 0.449050 0.753292 0.751176 0.881595 -0.100938 0.324256 0.244047 0.774882 0.515036
0.229574 0.747911 0.066377 0.604326 -0.356111 -0.896555 1.250553 0.280828 -0.222734 0.298433
0.989593 -0.813466 -0.790553 0.212988 -0.542913 0.522373 0.239302 0.284008 -0.729352 -0.845808
0.250242 -0.180537 -0.825495 -0.257872 0.344289 -0.620825 0.791458 0.899693 0.923145 0.460165
-0.187423 0.487498 -0.424026 -0.371166 0.211793 0.189694 0.757322 -0.490798 0.532377 0.882027
-0.962347 -0.009503 0.318095 0.681057 -0.619644 0.706433 -0.263263 0.732320 -0.951226 -0.789156
1.013432 0.291069 -0.137628 -0.667959 0.336173 -0.953846 -0.269839 -0.412242 0.211966 0.399154
0.769766 0.951578 0.371476 0.109644 -0.195943 0.511782 -0.526204 0.723191 -0.279520 0.209962
0.426765 -0.464391 -0.637058 -0.028943 0.566861 -0.014703 -0.695344 0.741474 0.054197 0.948909
-0.064517 -0.642791 -0.570332 0.699911 0.412108 0.652876 -0.323151 0.010378 0.313522 0.188324
-0.708458 0.041248 -0.479035 0.682665 0.973608 -1.003861 0.446413 -0.385394 0.263596 -0.483998
0.690687 -0.428790 -0.349651 0.851702 0.993477 0.432985 -0.359033 0.836823 0.537154 0.586989
-0.581781 0.448598 -0.954850 0.406643 0.554099 0.660336 -0.111387 0.565248 0.876475 0.326212
-1.070233 -0.912294 -1.036100 -0.533746 -0.576389 0.559320 -0.980622 -0.318532 0.906088 1.067277
0.361780 1.095060 -0.646551 0.895045 -0.195175 0.424211 0.756195 0.662860 0.018787 0.918365
-0.309822 1.026269 0.419001 1.024082 -0.457338 0.480101 0.210151 0.089912 -0.422258 -0.277553
-0.053330 -0.286232 1.114011 0.210576 0.057138 0.842522 0.502211 0.738273 0.354876 0.355023
1.333010 -0.528435 1.259259 0.981349 0.238946 -0.527049 0.787728 -0.705867 0.914307 -0.016763
-0.339319 0.856858 0.848213 0.045480 0.733778 -0.302930 1.098766 -0.180989 -0.355356 -0.931226
0.979414 -0.070225 0.469170 0.281615 0.446187 -0.897778 0.840091 0.853682 0.103990 0.927832
-0.438089 0.204293 -0.207075 0.256046 -0.398735 0.638717 -0.860428 -0.916245 -0.901207 -0.699090
-0.173712 0.949098 -0.774394 0.289517 0.068120 -0.299400 -0.595596 -0.611040 -0.919006 0.466392
0.349655 -0.054641 0.458970 -0.786067 0.910826 0.681716 0.396328 -0.299664 -0.170635 0.047237
0.928570 0.797776 -0.005911 0.063153 0.748935 0.493042 0.413910 0.439018 -0.211270 0.924921
0.725119 0.155200 0.756420 0.654289 0.594441 -1.136449 0.137294 0.748643 0.624263 -0.112575
-1.330989 2.092355 -1.740572 -0.812080 -1.623875 -1.310164 -2.406806 -2.096757 -2.646188 -1.913454
-2.271283 3.077663 -4.108788 -0.449750 -3.294101 -1.123641 -2.195639 -1.038590 -2.826383 -1.139585
-3.651368 -0.397348 -1.268801 -4.010614 -1.331007 -4.545288 -2.897225 -3.538682 -2.694679 -3.538986
-3.257419 -1.007047 -3.208713 -3.193074 -3.180849 -2.807563 -3.311188 -2.962883 -3.392056 -3.245471
1.324390 0.601592 2.737420 -0.055954 0.503991 -0.543874 1.357394 -0.042046 1.018893 -0.743642
0.160807 0.773958 -0.590352 0.691379 0.694561 0.000255 -0.911875 -0.668364 0.850790 -0.865839
-0.088704 0.123259 -0.442767 1.023025 -0.246300 0.315895 0.224631 -0.265080 0.003837 0.047404
0.912867 0.497016 0.439198 0.557393 0.744810 0.532824 0.595678 -0.286769 0.736572 0.645050
1.173510 -0.211958 0.273294 0.953926 0.599173 0.696782 0.117274 0.446519 0.981364 -0.225696
0.614731 0.939076 -0.970863 -0.569581 -0.765246 0.534847 -0.837567 0.996827 -0.220776 0.810406
-0.622845 -0.118256 0.689624 0.190540 -0.075684 0.025299 0.147771 -0.119362 -0.612882 -0.772068
-0.697544 -0.895018 0.117353 0.695442 -0.281761 -0.849378 -0.148551 0.204016 -0.149193 0.621442
